/*
 * Copyright 2019 Xilinx Inc.
 *
 * Licensed under the Apache License, Version 2.0 (the "License");
 * you may not use this file except in compliance with the License.
 * You may obtain a copy of the License at
 *
 *     http://www.apache.org/licenses/LICENSE-2.0
 *
 * Unless required by applicable law or agreed to in writing, software
 * distributed under the License is distributed on an "AS IS" BASIS,
 * WITHOUT WARRANTIES OR CONDITIONS OF ANY KIND, either express or implied.
 * See the License for the specific language governing permissions and
 * limitations under the License.
 */
Important:
  ./test_jpeg_facefeature, ./test_performance_facefeature the first param followed must be with model name.
  Valid model name:
    facerec-resnet20_mixed_pt

1, compile

    execute the following command:

        sh build.sh

2, copy the compiled executable file and test image to the development board.

   run the executable file.
    
    sample : ./test_jpeg_facefeature facerec-resnet20_mixed_pt sample_facefeature.jpg
    output :
WARNING: Logging before InitGoogleLogging() is written to STDERR
I0719 12:23:19.529546 14146 process_result.hpp:25] float features :
-0.125 0.46875 -0.5625 1.25 -0.09375 -0.34375 -0.03125 -0.1875 0.625 -0.15625 0.21875 0.4375 -0.34375 0.65625 0.53125 0.21875 1.1875 0.1875 -0.21875 -0.5 0.15625 -0.5625 0.84375 1.125 0.3125 -0.96875 -0.4375 1.40625 -0.15625 -0.96875 -0.75 0.71875 -0.03125 -0.78125 0.40625 0.03125 0.96875 -0.40625 -0.03125 0.6875 -0.46875 0.1875 -0.28125 0.25 0.8125 -0.625 0.3125 -0.15625 -0.5625 -0.1875 0.125 -0.71875 -0.5625 0.21875 -0.65625 0 -0.0625 1.15625 -0.5625 -0.25 0.5625 1.34375 -0.28125 1.0625 -0.5625 2.125 -0.71875 1.53125 0.09375 -0.21875 -0.90625 0.375 -0.5 0.9375 0.21875 -0.40625 -1.1875 0.09375 0.3125 0.09375 0.5 -0.4375 1.125 -0.59375 -0.6875 0.25 -0.71875 0.15625 0.75 1 0.59375 0.0625 -0.125 0.625 0.53125 -0.59375 -0.03125 -0.53125 -1.03125 0.4375 0.4375 1.625 -0.21875 -1.03125 0.15625 -0.875 0.625 0.3125 0.625 0.5 0.15625 1.65625 0.1875 0.03125 -0.03125 -0.1875 -0.21875 -0.03125 0.875 -1.09375 0.46875 0.40625 0.15625 -0.21875 -0.125 0.375 -0.34375 0.6875 -1.03125 -0.3125 1.40625 0.84375 -0.40625 0.34375 -0.25 -0.28125 -0.21875 0.8125 -0.4375 1.15625 0.125 0.25 0.65625 0.8125 1.53125 -0.15625 0.1875 0.21875 0.0625 -1.59375 0.71875 0.8125 -0.1875 0.5625 0.875 0.09375 0.65625 -0.09375 0.46875 -0.25 -0.0625 -0.15625 -0.09375 1 0.03125 0.875 0.25 -0.125 -0.75 -0.15625 0.09375 -0.125 0.71875 0.625 0.5 0.28125 -0.6875 -0.0625 1.21875 -0.40625 0.8125 0.03125 0.15625 0.625 0.0625 0.21875 0.15625 -0.90625 0.65625 0.53125 0.46875 0.65625 -0.75 0.15625 0.34375 0.125 0.40625 0.3125 0.9375 -0.5625 -0.375 -0.53125 -0.0625 0.09375 1.03125 0.125 -0.3125 -0.15625 -0.78125 -0.03125 0.40625 -1.0625 0.375 0.15625 0.78125 0.84375 -0.71875 -0.5625 -0.25 0.625 0.09375 0.125 0.34375 0.65625 -1.65625 -0.125 0.40625 -0.46875 0.40625 0.09375 -0.1875 -1 -1.3125 -0.71875 0.875 -0.46875 -1.25 -0.25 -0.40625 -0.34375 0.625 0.46875 -0.46875 -0.125 -0.125 -0.25 0.34375 0.34375 1 -0.125 0.21875 0.3125 1.09375 -0.09375 0.40625 0.09375 -0.03125 -0.03125 0.5625 -0.125 0.125 -0.125 1 0.34375 -0.46875 -0.09375 0.5 1.0625 0.0625 -0.0625 -1.125 0.5 0.3125 -0.3125 1.21875 -1.3125 0.09375 -0.25 0.625 -0.34375 -0.3125 0.875 0 0.34375 0.4375 0.40625 -0.71875 -0.625 -1.25 0.6875 -1.0625 0.625 0.53125 -0.03125 0.125 -1 -0.1875 -0.96875 0.3125 -0.9375 0.28125 1.46875 -0.4375 -0.3125 0.90625 1.5 0.25 0.75 0.34375 0.4375 0.15625 -0.90625 -0.3125 -0.46875 -0.6875 0.21875 0.59375 -1.0625 0.375 -0.65625 -0.0625 -0.15625 0.40625 0.09375 0.34375 1.0625 1.0625 -0.46875 -0.125 -1.21875 0.84375 -0.84375 0.59375 -0.75 0.5 -1.625 -0.4375 -1.03125 0.96875 0.21875 -1.15625 0.6875 -0.40625 -0.1875 -0.1875 -0.53125 0.53125 0 -0.46875 -0.34375 0.65625 -0.40625 0.15625 -0.28125 -0.09375 -0.84375 -0.3125 0.5625 0.90625 0.25 0.78125 -0.75 0.25 -0.40625 0.09375 -0.90625 -0.0625 0.96875 -1.71875 0.21875 -0.40625 0.25 0.3125 0.9375 0.375 0.4375 -0.625 -1.6875 0.90625 1.03125 -0.1875 -0.78125 1.0625 0.28125 -0.1875 0.96875 -0.625 -1.96875 -0.71875 -0.1875 0.375 0.59375 -1.28125 -0.53125 0.28125 -0.03125 -0.9375 0.1875 0.59375 0.375 -0.34375 0.25 -0.96875 -0.6875 0.78125 0.53125 0.03125 1.71875 0.25 0.28125 -0.1875 -0.15625 -0.46875 0.34375 0.28125 -0.09375 0.1875 0.84375 -0.875 -0.09375 0.21875 0.875 0.6875 -0.3125 -0.59375 1.125 -0.84375 -0.53125 0.28125 -0.90625 -0.25 0.46875 -0.3125 0 0.875 -0.8125 0.1875 0.28125 -1.28125 0.3125 -0.09375 0.875 -0.40625 -0.0625 -0.15625 -0.4375 -0.0625 -0.4375 0.3125 0.40625 0.21875 1.09375 -0.03125 1.40625 0.5625 -0.25 0.90625 -0.84375 -0.5 -0.46875 0.59375 -0.15625 -1.125 0.78125 -0.1875 0.6875 0.28125 0.5625 -0.03125 -0.5625 0 0.40625 0 -1.46875 0.40625 -0.1875 0.9375 -0.21875 -0.34375 0 -0.65625 -0.9375 -0.25 -0.375 0.40625 -0.78125 0.875 -0.25 0.1875 0 0.09375 0.09375 1.09375 -0.71875 -0.125 -0.3125 0.5625 0.34375 -0.3125 0.28125 -0.09375 0.21875 -0.78125 -0.0625 1.21875 0.15625 0 0.21875 0.84375 -0.03125 -0.28125 0.5



Performance: 
    ./test_performance_facefeature facerec-resnet20_mixed_pt test_performance_facefeature.list -s 60 -t <thread> 


Accuracy:
    ./test_accuracy_facefeature <model_name> <image_list_filename_0> <image_list_filename_1> <output_filename_0> <output_filename_1>

    sample:
    ./test_accuracy_facefeature facerec-resnet20_mixed_pt image_list_0.txt image_list_1.txt result_0.txt result_1.txt
