ac45a2b9-df30e99b.jpg car 612.3 279.8 1280 627.4 120
ac45a2b9-df30e99b.jpg sign 571.8 253 599.4 261.7 -90
ac45a2b9-df30e99b.jpg sign 662.4 196.5 688.7 212.8 -90
ac45a2b9-df30e99b.jpg sign 665.1 213.2 689.1 238.6 -90
ac45a2b9-df30e99b.jpg sign 522.6 267.9 534.7 284.4 -90
ac45a2b9-df30e99b.jpg car 550.4 280.5 771.5 461.4 120
ac45a2b9-df30e99b.jpg person 345.3 328.9 366.9 376.3 -150
ac45a2b9-df30e99b.jpg light 430.7 279.6 435.1 291.2 -90
ac45a2b9-df30e99b.jpg person 328.6 301.5 367.5 375.1 -150
ac45a2b9-df30e99b.jpg car 95.9 282 250.2 410.1 60
ac45a2b9-df30e99b.jpg car 469 312.9 591.2 385.3 -150
ac45a2b9-df30e99b.jpg car 393.2 316 425.9 343.5 90
ac45a2b9-df30e99b.jpg car 439.8 304.4 472.6 341.8 90
ac45a2b9-df30e99b.jpg person 231.9 282.5 296 449.5 120
