000000490936
000000090956
000000148620
000000005001
000000567011
000000300155
000000063602
000000376206
000000545100
000000308430
000000404484
000000458054
000000185473
000000410496
000000185472
000000474167
000000259625
000000032941
000000581062
000000250137
000000129054
000000382125
000000402433
000000458109
000000267351
000000203546
000000342971
000000025386
000000259097
000000402519
000000139077
000000576031
000000433243
000000067310
000000569972
000000230819
000000245764
000000064718
000000080671
000000186929
000000365208
000000389684
000000386912
000000529148
000000032887
000000289343
000000452515
000000241326
000000580410
000000098716
000000288862
000000302536
000000322610
000000553990
000000558854
000000204329
000000227478
000000220732
000000140840
000000397354
000000519338
000000029675
000000306582
000000163562
000000476770
000000200667
000000581100
000000402473
000000097924
000000426795
000000517069
000000255912
000000106281
000000397303
000000577149
000000511599
000000516677
000000026941
000000002006
000000308328
000000116479
000000172617
000000015746
000000162581
000000243867
000000392818
000000410612
000000188465
000000205105
000000116589
000000322211
000000372317
000000210502
000000581317
000000550797
000000287667
000000229311
000000235784
000000158548
000000351810
000000311303
000000053529
000000303566
000000052996
000000153568
000000120572
000000177861
000000568710
000000547502
000000098287
000000366199
000000338325
000000014038
000000546826
000000073533
000000226592
000000509403
000000316015
000000529939
000000326462
000000341681
000000094871
000000425227
000000223182
000000212072
000000179765
000000356347
000000128476
000000183391
000000546823
000000472375
000000059635
000000460494
000000303818
000000153299
000000173183
000000489842
000000223090
000000057149
000000222235
000000436315
000000236412
000000523241
000000341973
000000503855
000000023023
000000210099
000000096493
000000249219
000000257370
000000568290
000000376284
000000174004
000000451090
000000520324
000000278705
000000151051
000000521231
000000311518
000000246883
000000164637
000000099039
000000492905
000000142092
000000515025
000000409475
000000105264
000000154000
000000244750
000000460147
000000463802
000000127476
000000102644
000000130465
000000563603
000000171611
000000525247
000000215245
000000359833
000000309938
000000514376
000000123213
000000171050
000000143068
000000286660
000000482735
000000158660
000000515350
000000041872
000000548780
000000283717
000000007888
000000364297
000000450075
000000140420
000000406417
000000185802
000000528399
000000530146
000000066841
000000378873
000000504635
000000273617
000000460229
000000461009
000000323571
000000100582
000000491366
000000482436
000000422706
000000136772
000000045070
000000130599
000000475387
000000528980
000000528705
000000185409
000000575243
000000367082
000000112626
000000232489
000000154087
000000044590
000000332455
000000180560
000000145781
000000579158
000000269682
000000453634
000000277051
000000060886
000000458223
000000510095
000000342186
000000156924
000000080932
000000055528
000000218091
000000050844
000000460682
000000245651
000000465718
000000203580
000000284623
000000129135
000000365655
000000311392
000000121591
000000222317
000000085772
000000061333
000000175535
000000239773
000000247838
000000274460
000000577959
000000003934
000000319721
000000551822
000000095899
000000308531
000000012120
000000446117
000000534041
000000161008
000000523100
000000561679
000000108495
000000356169
000000384616
000000546219
000000340175
000000553511
000000500464
000000080340
000000368038
000000439715
000000478393
000000329219
000000009769
000000009772
000000427055
000000332318
000000372203
000000365521
000000234413
000000521282
000000574425
000000475779
000000369541
000000233139
000000174018
000000063740
000000226408
000000023126
000000181499
000000148730
000000001490
000000203488
000000091615
000000066886
000000405249
000000301981
000000458755
000000154004
000000029187
000000325527
000000046463
000000031296
000000054592
000000136334
000000314182
000000415194
000000167159
000000334417
000000281693
000000067406
000000368900
000000088040
000000116362
000000546964
000000131444
000000025394
000000445248
000000111207
000000334483
000000213445
000000156278
000000201418
000000031735
000000205289
000000351096
000000215778
000000119038
000000127092
000000388056
000000489014
000000088250
000000492077
000000076468
000000333697
000000115946
000000488664
000000450439
000000503823
000000463849
000000172977
000000322968
000000269121
000000407002
000000431140
000000326542
000000390246
000000356424
000000296649
000000357816
000000155051
000000000285
000000199551
000000256192
000000154718
000000104669
000000151662
000000297085
000000522007
000000405306
000000001000
000000094157
000000084477
000000470121
000000022623
000000167540
000000292024
000000478474
000000095862
000000078565
000000497568
000000506178
000000565853
000000537241
000000235241
000000117525
000000000802
000000166259
000000002149
000000091406
000000151516
000000384850
000000383676
000000177539
000000227765
000000093965
000000088265
000000042889
000000562561
000000381587
000000286907
000000260106
000000322959
000000361919
000000571943
000000183716
000000134856
000000025139
000000110972
000000039477
000000474344
000000456303
000000464824
000000011615
000000409211
000000524456
000000514914
000000001818
000000478136
000000491683
000000466085
000000207585
000000263860
000000484978
000000084431
000000207538
000000507081
000000160772
000000132587
000000051326
000000133000
000000102707
000000369370
000000285894
000000402334
000000401991
000000139871
000000407868
000000422836
000000117719
000000344611
000000450100
000000064523
000000163118
000000480275
000000394611
000000419096
000000365098
000000014439
000000172649
000000292488
000000276018
000000415238
000000460160
000000491213
000000430377
000000113720
000000338625
000000577932
000000014226
000000485480
000000410880
000000508482
000000511076
000000279730
000000134112
000000507037
000000273715
000000213605
000000043435
000000405972
000000017207
000000002923
000000284991
000000395801
000000079144
000000415536
000000520871
000000089045
000000447200
000000377497
000000345469
000000441586
000000226662
000000283520
000000462756
000000049759
000000136600
000000184978
000000556765
000000389109
000000357748
000000162130
000000438907
000000262227
000000079969
000000579893
000000112997
000000326174
000000535523
000000520910
000000263068
000000507575
000000365385
000000010764
000000217219
000000154425
000000028449
000000462576
000000312237
000000484029
000000247917
000000070048
000000538364
000000146825
000000341719
000000555009
000000473118
000000140987
000000453708
000000058350
000000462371
000000194506
000000221754
000000500423
000000058029
000000255165
000000567432
000000435206
000000292446
000000269942
000000571857
000000373705
000000318080
000000341469
000000187362
000000383842
000000255965
000000052565
000000302760
000000295138
000000019109
000000226417
000000250901
000000199681
000000562818
000000221017
000000098853
000000136466
000000199395
000000262631
000000006894
000000423506
000000046378
000000139099
000000311002
000000415716
000000192191
000000249786
000000303305
000000071711
000000475223
000000455981
000000396580
000000555705
000000031118
000000130566
000000021903
000000109827
000000542127
000000022969
000000217957
000000077595
000000417632
000000376310
000000419201
000000516804
000000042102
000000520301
000000471087
000000512929
000000153343
000000054164
000000434459
000000109798
000000201148
000000082180
000000507667
000000146457
000000056350
000000331817
000000125257
000000497344
000000459634
000000175438
000000295809
000000579902
000000178028
000000164885
000000430973
000000130579
000000328286
000000192699
000000445846
000000423519
000000331799
000000055299
000000227187
000000316666
000000081394
000000530099
000000235857
000000572408
000000121242
000000230450
000000218439
000000112378
000000199055
000000474881
000000209222
000000516038
000000232649
000000011197
000000017115
000000045472
000000002431
000000147518
000000350003
000000372466
000000241668
000000006040
000000186873
000000348243
000000288584
000000135673
000000227686
000000081738
000000170191
000000484404
000000167898
000000306136
000000163290
000000160666
000000361506
000000184611
000000469067
000000231508
000000107226
000000028285
000000385029
000000334555
000000296657
000000124975
000000234526
000000366141
000000485071
000000000885
000000246308
000000332901
000000140286
000000008532
000000286849
000000375430
000000460927
000000299553
000000008762
000000184324
000000376365
000000129113
000000233727
000000165257
000000111179
000000165500
000000442661
000000474293
000000345261
000000416745
000000344059
000000109976
000000145591
000000185292
000000393226
000000281447
000000028809
000000339870
000000075393
000000292082
000000311081
000000165518
000000572900
000000428867
000000532071
000000562197
000000404128
000000451308
000000424721
000000267903
000000074733
000000461573
000000138856
000000007281
000000351331
000000382088
000000221291
000000334977
000000272049
000000349152
000000580294
000000386210
000000424642
000000531771
000000364636
000000452891
000000193494
000000173383
000000185157
000000237517
000000367818
000000398377
000000061171
000000559842
000000460841
000000057760
000000000139
000000279774
000000284743
000000377368
000000333772
000000372718
000000083113
000000095786
000000131556
000000003553
000000416991
000000387098
000000051008
000000025228
000000050943
000000514508
000000157124
000000055150
000000106563
000000056288
000000266400
000000067213
000000217400
000000567197
000000182021
000000318238
000000433774
000000014888
000000072852
000000215723
000000516916
000000357430
000000574315
000000301061
000000210789
000000307074
000000155341
000000229659
000000030504
000000287545
000000019742
000000274066
000000361551
000000069795
000000032038
000000477623
000000449198
000000570664
000000477118
000000097337
000000507975
000000338532
000000015272
000000357060
000000023034
000000210273
000000137106
000000078404
000000293474
000000483531
000000492282
000000525155
000000570456
000000004495
000000134034
000000170739
000000329456
000000476491
000000225532
000000253742
000000540502
000000250282
000000111086
000000220764
000000017714
000000239537
000000269196
000000486438
000000312586
000000050149
000000260657
000000450488
000000416451
000000556193
000000111036
000000327605
000000364322
000000423617
000000462728
000000069213
000000275749
000000127660
000000458992
000000289594
000000277689
000000343496
000000115870
000000513181
000000041990
000000568213
000000312192
000000005037
000000354753
000000546556
000000458790
000000168974
000000535608
000000258883
000000231747
000000272212
000000121417
000000438304
000000532575
000000136715
000000112298
000000481573
000000384651
000000570539
000000447789
000000050165
000000242060
000000445658
000000300842
000000423971
000000214539
000000180101
000000140439
000000229997
000000013291
000000522156
000000461036
000000271471
000000018833
000000347335
000000451084
000000572678
000000414261
000000081594
000000326541
000000060090
000000265518
000000263644
000000229948
000000562059
000000382009
000000121153
000000103585
000000162415
000000035770
000000529122
000000018193
000000036539
000000016439
000000347456
000000532690
000000325838
000000449661
000000252776
000000092053
000000180011
000000097994
000000008690
000000302030
000000519208
000000323151
000000417876
000000149222
000000356261
000000565045
000000483667
000000441468
000000117645
000000229601
000000139684
000000571264
000000574823
000000008844
000000214720
000000516708
000000341196
000000289393
000000155145
000000524850
000000346703
000000047828
000000028993
000000500716
000000006471
000000419379
000000165039
000000456559
000000001268
000000173057
000000085665
000000179642
000000244833
000000383838
000000219578
000000476119
000000190007
000000091779
000000302107
000000134689
000000370375
000000045550
000000061747
000000032861
000000089761
000000009400
000000114884
000000340451
000000287649
000000346707
000000310862
000000128051
000000417249
000000374982
000000568981
000000289415
000000078266
000000234757
000000193926
000000427077
000000231169
000000361103
000000336356
000000463542
000000034760
000000431545
000000036678
000000217948
000000057244
000000216516
000000066817
000000520009
000000224807
000000368684
000000022371
000000183437
000000411817
000000319935
000000473219
000000447917
000000464476
000000429011
000000027982
000000369675
000000006213
000000253835
000000283037
000000572956
000000076547
000000065074
000000360564
000000456015
000000311909
000000104666
000000491470
000000067896
000000276804
000000042888
000000446207
000000192607
000000420230
000000424545
000000294163
000000269113
000000296317
000000290768
000000250619
000000512657
000000238866
000000232684
000000483999
000000219283
000000445365
000000417911
000000405432
000000010995
000000055950
000000256868
