-1 0 
-1 0 
0 -1 
-1 -1 
-2 0 
1 -1 
0 -1 
-2 1 
2 -1 
1 -2 
-4 1 
2 -2 
2 -3 
-5 3 
2 -1 
4 -4 
-8 5 
1 0 
6 -6 
-10 5 
1 0 
10 -9 
-13 6 
0 2 
15 -12 
-16 8 
-2 5 
21 -17 
-20 9 
-7 9 
28 -21 
-24 9 
-13 14 
38 -27 
-27 9 
-21 22 
50 -34 
-28 8 
-32 31 
64 -42 
-29 4 
-48 43 
81 -51 
-28 -2 
-70 60 
102 -60 
-23 -11 
-99 81 
127 -71 
-12 -25 
-140 110 
159 -86 
4 -47 
-202 152 
205 -104 
35 -80 
-302 220 
285 -140 
90 -139 
-509 360 
480 -242 
215 -260 
-1265 861 
1996 -1153 
6554 -3583 
4354 1359 
1509 7179 
4037 2474 
2798 -4988 
-4205 -3029 
-5943 1590 
-3677 -176 
-5884 -1784 
-6688 2817 
-1390 7164 
-602 5571 
-7388 1521 
-9963 -1004 
-5537 -3357 
-1806 -6859 
799 -8402 
3464 -4957 
1332 915 
-2151 4079 
2188 3794 
7869 3268 
3995 2823 
-1458 -120 
1161 -3635 
4134 -2776 
1167 886 
-2011 1737 
-1978 379 
575 1293 
4870 4841 
5884 7680 
2217 5961 
1215 -634 
3422 -5686 
1697 -4589 
-2737 -2104 
-4827 -1806 
-5109 -331 
-3613 2078 
-1289 2207 
-1716 2271 
-1068 3060 
3546 891 
2706 -2367 
-4527 -2878 
-5340 -2935 
-2010 -2849 
-5717 -145 
-8598 1847 
-2302 1949 
2977 3978 
3194 2967 
5534 -4862 
7112 -6800 
3672 679 
1023 189 
679 -8600 
308 -6575 
2163 1364 
3510 -3108 
1384 -9837 
2541 -2651 
5538 5791 
1138 2459 
-3538 -1580 
-1605 2060 
-4449 5945 
-10547 6224 
-5232 6057 
2208 5286 
-773 3336 
-1515 2692 
2692 3326 
-940 1973 
-3492 -1927 
3362 -4591 
2918 -3691 
-3630 -2052 
2849 -1181 
11234 1605 
5528 3310 
303 -2110 
1356 -6862 
-2392 275 
-3196 9087 
2890 4612 
-15 -3954 
-5983 -2734 
-535 1462 
142 193 
-8188 -1809 
-1263 -2394 
11825 -2865 
3405 1097 
-9401 6539 
-3817 3709 
3684 -1127 
3114 2584 
3755 4012 
763 -4724 
-5942 -7141 
-3161 1055 
624 -140 
-5029 -10010 
-3824 -7159 
4918 3297 
120 1709 
-9411 -4467 
-3793 -1092 
4327 3743 
2991 2628 
2594 929 
4293 -1171 
2889 -4032 
2272 -1465 
-1150 3244 
-8482 2801 
-4140 2118 
8770 1971 
6908 -4089 
-4884 -6007 
-5753 4188 
-262 6813 
1671 -5251 
3387 -6616 
3162 6441 
385 7927 
1464 -1763 
1328 -1489 
-2134 4757 
3632 3295 
10382 -1323 
-801 -2765 
-11751 -1667 
-2344 2108 
6003 3924 
952 572 
324 282 
1869 3791 
-5267 476 
-5676 -6217 
2635 -5704 
-1375 -1659 
-9781 2462 
-2771 8325 
5399 6958 
1077 -3236 
-2358 -5120 
-512 2143 
-394 1796 
1643 -2857 
4438 -799 
1993 727 
3091 -1036 
9648 694 
6017 -1115 
-5463 -9012 
-7011 -7168 
-1030 3033 
1457 3125 
2282 -3570 
2499 -4413 
385 -3707 
171 -3769 
729 -145 
-2783 1518 
-5740 -759 
-5795 473 
-6962 1856 
-4330 74 
4063 3471 
5431 6453 
-1691 -1726 
-3167 -5414 
431 4730 
-2165 6538 
-8298 -2986 
-8493 671 
-798 13410 
8442 13530 
8020 7031 
-1173 2882 
-2662 -6136 
3943 -12120 
2683 -3325 
-878 4837 
6040 199 
8807 -5204 
-1959 -7010 
-6184 -9949 
2114 -6594 
5327 3403 
2409 5299 
3138 -1730 
3560 -7079 
1746 -9988 
2347 -8616 
1124 1872 
-2845 11391 
-1520 9885 
2012 5529 
358 3912 
-2518 675 
-5484 -261 
-9566 3884 
-4769 3178 
7011 -2444 
6542 -1142 
-2147 3290 
1630 360 
8848 -1963 
1324 3841 
-7367 5827 
-3360 -1890 
-793 -6233 
-5655 -2465 
-3296 -2057 
4102 -6916 
-1617 -5758 
-14469 1504 
-10964 2654 
5062 -2743 
7636 -3003 
-3050 2341 
-3884 2813 
3834 -1944 
2571 -3637 
-208 -1575 
6814 699 
8063 3979 
-3166 6285 
-7876 2142 
-3087 -4570 
-1595 -3114 
629 6028 
5632 9851 
2477 2257 
-891 -6128 
6309 -4195 
5827 1871 
-7971 582 
-9041 -3201 
3376 449 
5321 4225 
2003 -1802 
6291 -8223 
5194 -4165 
-2299 2521 
1007 2518 
7929 -165 
3310 -834 
-3086 60 
-3238 2956 
-3733 5321 
-3169 2578 
-499 -1317 
-2838 -1374 
-4447 -2478 
2266 -4931 
5736 -338 
339 5581 
-2944 21 
-3168 -6104 
-4281 2321 
-245 9017 
5239 -2208 
1728 -11099 
-2600 -871 
956 8832 
3327 3009 
1736 -4339 
1653 -4147 
-1246 -2787 
-5249 -432 
-615 3862 
3200 3570 
-4528 664 
-8056 2456 
625 4145 
3407 2151 
-2948 3521 
-2237 4705 
3822 -3300 
1325 -8772 
-8770 -425 
-15049 5307 
-8731 -2543 
7351 -6685 
15956 -706 
8580 -1583 
-1212 -9251 
-4202 -6418 
-4567 3150 
-748 3800 
6234 -486 
4602 203 
-3202 1779 
-3584 702 
108 356 
1923 -965 
7966 -4047 
11439 -2450 
838 2623 
-8134 3537 
-862 3508 
6167 6726 
3096 5901 
3685 1055 
7962 2300 
3331 5294 
-3791 93 
-1891 -4928 
2310 -2603 
-97 -2888 
-5164 -6771 
-5766 -3744 
-2231 1966 
-1927 2334 
-6804 2867 
-6951 2643 
143 -5191 
1606 -9811 
-4507 -2824 
-4786 1602 
1155 -641 
2325 3418 
-782 8498 
-2427 2713 
-2690 -3260 
-1135 -1940 
1273 -2873 
888 -3651 
905 2325 
4124 4628 
5156 2469 
5042 8161 
7189 11210 
1563 -1072 
-10977 -8621 
-7730 38 
9781 3143 
11870 -4336 
-1730 -3681 
-5961 2052 
-2785 -933 
-6540 -5716 
-8169 -5282 
52 -4171 
5741 -674 
3154 3860 
170 -578 
325 -7347 
2485 -2512 
5590 4346 
6748 2079 
4643 2155 
-964 7827 
-9846 3738 
-13640 -7421 
-5937 -6357 
2109 4449 
2000 6165 
2994 -1779 
5745 -4543 
92 463 
-5042 1923 
2107 -3035 
6601 -3357 
-1902 4403 
-5924 7161 
1353 -1386 
3347 -7956 
-2857 -2693 
-3684 5011 
2140 5034 
6156 2267 
6683 3423 
5039 3633 
535 -1892 
-4723 -5240 
-5264 326 
357 6111 
4464 3835 
799 -745 
-2955 -3455 
-187 -7315 
-378 -7477 
-6344 314 
-4198 4514 
5059 -411 
5791 -1171 
2384 4466 
5256 2460 
3377 -4527 
-6627 -1954 
-7508 4526 
-838 1606 
-3212 -3768 
-7502 -143 
-2352 5433 
346 1863 
-4506 -5531 
-4021 -4797 
1218 1751 
1138 2027 
-432 -3371 
1052 -3065 
1157 2105 
857 2066 
3345 -2089 
5126 -3781 
4702 -3690 
2303 -1928 
-3635 2861 
-6103 5120 
1695 2447 
8428 1503 
4775 2895 
1376 1327 
3450 -1441 
1725 -3369 
-2887 -6423 
-2008 -5985 
950 952 
1 4452 
-3721 -159 
-8290 -2717 
-8740 1697 
-589 6633 
7191 7391 
5545 3992 
1918 101 
2103 1338 
468 6142 
-1736 8153 
927 6405 
3139 452 
1014 -8887 
-549 -10739 
-2077 -2594 
-5875 -1520 
-5373 -10723 
1276 -11721 
5061 -3541 
2544 -1011 
-837 -1440 
-1119 2192 
1723 2815 
3502 -319 
-183 -54 
-4723 1651 
-3604 4209 
-32 10057 
2490 10009 
5324 1593 
4752 -1739 
-1146 -1917 
-4475 -8809 
-4417 -8568 
-7974 4991 
-8517 8566 
1982 25 
9248 3133 
506 11558 
-9555 4278 
-4704 -6700 
5690 -5559 
4859 -1960 
-4102 -1180 
-4645 1717 
4610 1890 
6552 -2559 
-2519 -4657 
-5547 -5627 
1408 -7197 
4897 -4329 
3941 -1166 
4907 -2312 
2943 616 
-1546 5967 
226 1911 
3156 -2931 
37 3554 
-799 8251 
3137 1953 
4135 -2624 
4268 -1427 
3468 -1952 
-5319 -2038 
-10594 -71 
-881 -816 
5082 -577 
-1992 2903 
-1848 812 
4718 -5071 
-1174 -2921 
-8331 3578 
-3785 4338 
-3782 3046 
-8568 4142 
396 3611 
10932 1318 
4470 415 
-3388 -774 
179 -3207 
4449 -3309 
5224 889 
3047 5453 
-4426 4522 
-6388 708 
916 2516 
135 5709 
-6162 -96 
-710 -6412 
2846 -2488 
-5828 -922 
-2797 -8418 
9909 -8050 
2877 805 
-9348 -690 
-476 -6881 
6384 -1077 
-3664 5217 
-4972 -772 
3399 -4389 
1904 3908 
1735 10162 
9166 4361 
5095 -6122 
-3441 -9176 
1983 -1959 
4967 4212 
-3743 1191 
-3789 -1475 
1552 1420 
-5301 -180 
-9300 -4544 
882 -569 
4938 3581 
-521 -1524 
1915 -3155 
6106 4305 
-881 6873 
-7166 2306 
-1394 503 
7605 1089 
8460 1871 
-51 4558 
-8556 3290 
-7579 -3433 
-2900 -4394 
-2845 693 
-2342 -374 
-1312 -6207 
-5725 -6254 
-4246 -911 
9493 3329 
14322 3165 
4164 -147 
974 64 
5154 4632 
1456 4105 
-550 -480 
4993 1790 
405 5956 
-10028 2289 
-4780 -1048 
5327 609 
1695 -1943 
-3537 -4970 
-1348 273 
-1833 2392 
-2378 -5010 
3354 -7213 
3839 -2674 
-3837 -3950 
-6144 -4660 
-3501 3889 
-5017 7995 
-6181 710 
-2415 -4849 
1344 -5529 
3233 -7740 
3012 -5916 
410 3452 
2674 9658 
9822 7896 
7051 4759 
-4765 2913 
-5650 891 
4139 -932 
6259 -2391 
1217 -2882 
-169 -3046 
-1538 -6657 
-5508 -9749 
-4516 -2459 
-1169 8635 
-3532 7863 
-4281 1070 
3992 3539 
10294 8755 
6095 4312 
208 -3191 
-998 -5507 
-2354 -6310 
-4509 -5270 
-3081 1644 
-762 7777 
-2353 6056 
-4159 1078 
-976 -2534 
3621 -4750 
3369 -2192 
506 4155 
1708 3995 
4666 -3052 
1159 -3506 
-5380 4332 
-3390 6683 
4407 562 
5437 -2989 
1277 -1093 
1055 -750 
1678 -2552 
-1191 -1401 
-1889 1638 
23 1170 
-915 -3081 
-685 -6354 
3279 -5568 
1661 -2286 
-5103 -230 
-4339 -426 
897 624 
-2024 4612 
-7575 5970 
-5052 1305 
-44 -1366 
651 3151 
123 4709 
-37 -2170 
592 -4989 
4106 458 
5082 -367 
-935 -8548 
-3376 -7113 
4172 2889 
8581 4248 
2220 -1309 
-2878 -754 
1042 2266 
5923 261 
4441 -331 
-1278 4364 
-5277 6090 
-3577 366 
993 -7109 
840 -9321 
-5620 -4468 
-10990 2227 
-8738 5402 
-863 7468 
5174 9035 
5138 3521 
1660 -4458 
-1340 -333 
-3215 10103 
-3780 7094 
-1138 -5187 
5339 -7389 
10862 -1046 
8160 1050 
436 -38 
287 272 
4632 -101 
-2787 -209 
-13254 493 
-3938 -3419 
11740 -9278 
6472 -6645 
-6338 1745 
-4237 3184 
1028 -3129 
-249 -6540 
1014 -890 
-777 8317 
-8785 9181 
-2853 119 
12296 -4457 
6501 1178 
-9418 2582 
-5040 -4791 
5215 -5129 
1105 4817 
-623 9449 
5074 4684 
-24 -311 
-9557 -2986 
-7470 -3435 
-2456 388 
-572 2397 
5017 -2797 
6895 -6272 
-1445 -2604 
-5340 -1322 
1614 -4930 
5719 -4280 
182 -103 
-8361 1276 
-10576 3820 
-1617 8213 
8174 6013 
5923 841 
1075 2087 
4261 1542 
3738 -6364 
-3671 -5745 
-2936 5466 
2707 5421 
45 -5409 
-2946 -5640 
343 -349 
728 -4184 
586 -3284 
5770 9239 
5142 10263 
-1935 -2400 
-1183 -3809 
1783 2715 
-2528 -1940 
-658 -5609 
8878 2907 
6802 3684 
-2792 -5603 
-3509 -397 
-4164 12834 
-10657 7290 
-7455 -6202 
3777 -3917 
5833 3215 
2737 615 
3723 -1518 
881 585 
-6887 -2511 
-8691 -6000 
-5115 -203 
-2542 8133 
58 8563 
1559 -523 
-655 -12885 
-1999 -14039 
206 -378 
3053 6577 
6501 -2757 
8744 -5657 
3664 5195 
-5751 7396 
-8308 -1054 
-1776 -1927 
5573 405 
7542 -4244 
5447 -5306 
3174 -401 
1028 -1182 
-1473 -2935 
-1298 974 
738 -259 
-450 -4987 
-1477 916 
1850 7671 
871 1672 
-5617 -2713 
-3158 3013 
5195 4198 
1779 327 
-6223 2843 
-3689 4692 
-1623 -341 
-6810 -1725 
-4431 -279 
2713 -5023 
-1661 -5183 
-8053 7644 
-3347 15605 
661 8254 
-1512 1268 
1363 3182 
7444 3817 
8435 -326 
7677 -2311 
5132 -1530 
-1249 -1949 
-1368 -2089 
5977 -580 
5717 -1937 
-1794 -6500 
-2391 -6491 
2563 -1672 
4026 -1806 
1104 -6052 
-5743 -4700 
-10946 -1708 
-5530 -4252 
1545 -3116 
-2038 4801 
-3352 4580 
6353 -3477 
7686 -3248 
-3871 524 
-5255 -4197 
4385 -5497 
3180 4332 
-6250 7706 
-5400 -1323 
2336 -5882 
2949 -659 
-2443 3857 
-4852 2244 
-1953 -3660 
1935 -6322 
2679 2040 
1818 12429 
2352 9700 
2260 267 
811 -1509 
2484 1108 
6451 712 
5596 -477 
-401 -702 
-4791 259 
-5172 3336 
-4366 4332 
-3085 2130 
327 2956 
3099 3806 
-617 -2675 
-6781 -8521 
-3592 -5513 
5867 -195 
6080 4246 
-1108 8643 
-965 5683 
3600 -1090 
635 2616 
-6103 7489 
-8415 -2574 
-7037 -10649 
-2478 -764 
3456 6118 
4206 -2927 
1871 -7409 
2888 -24 
2250 607 
-2239 -9165 
-665 -12878 
5558 -4522 
4611 5160 
897 5946 
4172 -158 
6842 -4567 
1322 -6054 
-4370 -8149 
-3488 -6935 
-112 812 
100 7171 
-3080 5710 
-3728 22 
834 -3968 
2665 -1567 
-1331 5354 
-2326 5511 
-304 -1978 
-2917 -2307 
-4356 4710 
699 3960 
2227 -1055 
-900 2758 
1082 7762 
3064 3736 
-419 -1122 
1708 -982 
7949 -387 
3411 1405 
-4303 5319 
-814 6066 
3581 4843 
20 5707 
-1705 3017 
50 -5690 
-1373 -10250 
-2996 -5571 
-2720 -329 
-2272 -1817 
1125 -4875 
1748 -355 
-8001 8378 
-13258 7833 
-3634 -2096 
1068 -6901 
-5965 -3666 
-3493 -1331 
8036 -336 
8320 1209 
1376 -840 
485 -3318 
1408 -673 
952 826 
1386 -1008 
41 1323 
1771 2777 
10536 -4369 
11382 -7779 
1270 -429 
715 1559 
7459 -7172 
611 -11393 
-10456 -6314 
-7545 898 
-1062 8024 
354 11502 
3314 7379 
2150 3217 
-5241 5023 
-1347 5216 
11289 -705 
8461 -5798 
-6085 -4854 
-10345 -599 
-6801 446 
-6699 -4466 
-5190 -7619 
1057 -1449 
4592 7068 
1159 8097 
-5147 4089 
-5238 1476 
3853 2135 
8672 4543 
-360 3104 
-8579 -3436 
-3355 -4727 
3139 2653 
-365 5210 
-5484 -2536 
-3021 -7870 
3694 -3445 
6608 3038 
3409 3222 
656 -1449 
3550 -2085 
7021 3040 
5747 2526 
869 -4762 
-5456 -2543 
-6880 8490 
1696 8315 
7486 -1735 
-445 -4789 
-5927 -4180 
1530 -7368 
4838 -5351 
-88 2198 
1758 3441 
4652 197 
-2408 -1063 
-6487 -3185 
-2725 -3330 
-4041 1519 
-5968 1319 
-947 -3725 
-1825 -645 
-7482 2957 
-993 -6569 
8101 -13776 
4433 -3608 
484 8417 
2434 9084 
75 5675 
-27 2663 
5444 277 
-769 2344 
-10927 4036 
-644 -911 
12859 -3868 
4003 -291 
-7627 -597 
-4308 -4167 
-1742 1064 
-2820 9944 
2512 8313 
3377 317 
-4245 -1955 
-2399 179 
6798 -103 
4987 -2103 
-2507 -2774 
-2864 -3003 
-250 -3221 
2352 -612 
5497 4571 
1795 6302 
-5649 2354 
-1597 -222 
9495 3534 
7951 6729 
-5676 632 
-12049 -10256 
-2852 -13081 
8508 -6229 
5440 -720 
-5539 145 
-3627 2259 
6592 2322 
2095 -3359 
-9452 -2311 
-2373 8315 
12118 7474 
6172 -7418 
-8549 -11378 
-5113 -2789 
6534 -1841 
3344 -3282 
-6290 4772 
-3829 6368 
2409 -4555 
-3395 -5203 
-12182 7031 
-8561 10109 
-716 4173 
-1880 3407 
-4261 2897 
1167 -3478 
5257 -6822 
2190 -4076 
569 -469 
2688 4565 
2009 8718 
-810 4557 
-1963 -2477 
-2149 -608 
67 5049 
5389 2034 
7810 -5624 
5612 -6136 
4175 -1830 
3618 -1928 
2209 -3447 
3910 458 
7134 3433 
4338 -1467 
-1342 -6094 
-1818 -4041 
-483 -1846 
-2590 133 
-4090 8157 
-2162 13875 
669 7159 
3305 -1178 
3301 -1150 
-1995 -2764 
-5996 -10592 
-1957 -12780 
2555 -5975 
-1036 303 
-6325 1411 
-4838 -938 
-251 -2554 
245 2385 
-3625 9797 
-7172 7511 
-6497 -1703 
-2812 -3786 
-718 416 
-484 1516 
1350 1388 
3619 2223 
3217 -1259 
2431 -5722 
2720 -3490 
298 -283 
-3468 -1185 
-2315 2507 
368 10394 
-2669 8217 
-5255 -1207 
442 -813 
5711 6215 
2121 5134 
-1280 580 
2960 1609 
6369 152 
2185 -6418 
-3246 -5596 
-1842 550 
6232 -2773 
12504 -9954 
8562 -6814 
-1775 -1243 
-7209 -3411 
-5521 -3649 
-1561 2404 
2534 4017 
3647 2086 
67 5438 
-1811 6635 
-490 -1821 
-3764 -7074 
-8412 -142 
-3698 6087 
4985 1747 
6773 -3302 
4386 391 
852 5451 
-5333 2224 
-6710 -3862 
1163 -3685 
6623 -2370 
2998 -5896 
-1199 -4230 
-1045 7120 
324 10790 
819 -1176 
-916 -9520 
-4009 -2940 
-4816 3190 
-4217 -1443 
-3400 -5160 
656 324 
3209 5435 
-2389 2588 
-5964 -783 
1022 1754 
5835 4600 
1721 3872 
-227 2989 
-1 779 
-5501 -3848 
-7612 -2227 
1172 6842 
7714 10156 
3330 4698 
-3340 -329 
-4853 -4010 
-1795 -6752 
998 -3623 
-1919 -407 
-5710 -3173 
-1674 -2074 
3517 2571 
2418 -2616 
4753 -7574 
12199 1355 
9475 4795 
-1750 -6041 
-3601 -6053 
3792 3703 
7440 -2042 
3808 -9152 
-4260 3262 
-9211 8660 
-2204 -7937 
8061 -13803 
6434 446 
397 6052 
1883 665 
2785 2998 
-550 8160 
2313 6464 
7006 4685 
-109 5241 
-12214 3830 
-13188 1780 
-3115 -794 
5152 -4172 
2330 -4022 
-5557 -2697 
-4964 -4280 
20 -1684 
-4821 5439 
-11575 5721 
-6121 2430 
661 4062 
-1401 720 
-1732 -8824 
1101 -6614 
-720 2624 
1565 -1521 
11203 -8559 
10939 -419 
743 9449 
-924 8412 
2982 5809 
98 2206 
-2652 -6736 
-1011 -7339 
-3971 4860 
-7421 9739 
-835 403 
6258 -7567 
749 -7673 
-7978 -4768 
-3252 -5 
10959 3470 
14295 1402 
1564 -926 
-7480 980 
-1958 953 
3113 -3312 
-106 -3897 
-668 1330 
1042 3557 
-3235 -1510 
-4933 -5732 
1382 -1939 
2339 3490 
-3422 2034 
-1218 -938 
6789 1807 
7712 2218 
4089 -6415 
2867 -11421 
1938 -3161 
802 5268 
1697 2862 
2437 -365 
1182 3104 
-936 5142 
-2859 3552 
-3300 5783 
-3033 8177 
-3651 2033 
-1748 -5942 
2703 -6068 
1513 -3269 
-4061 -2826 
-3957 -725 
-1878 2517 
-5383 2228 
-6151 1417 
127 3130 
2458 3498 
-1357 1781 
-3967 468 
-6261 -1402 
-7858 -1924 
-3162 1666 
2665 2582 
2534 -2586 
1102 -3531 
605 1636 
-1015 1207 
451 -3384 
2907 -1589 
-932 611 
-2706 -4526 
3923 -6390 
5700 506 
2185 3681 
8343 -780 
15737 -2731 
10528 -908 
5411 -1295 
4754 -1302 
-4908 2722 
-11686 5378 
-87 1950 
7179 -3209 
-3204 -3469 
-6579 476 
1502 1486 
144 -1724 
-4199 -1067 
2182 4218 
4616 3619 
-3253 -1881 
-5587 322 
-2442 5770 
-3553 691 
-3047 -5390 
129 1633 
-4257 7129 
-10988 -1829 
-7306 -6802 
1715 1971 
3904 4234 
-903 -5247 
-2998 -7151 
4138 -531 
11469 1016 
6745 1842 
55 6631 
5094 4023 
7822 -3960 
-3188 -1806 
-8408 4884 
1201 1960 
5205 -2906 
-1352 -812 
-1956 -812 
2370 -6920 
-398 -10866 
-5788 -9093 
-5917 -1321 
-4426 10809 
-4766 15248 
-4331 6043 
-125 -3035 
5943 -3584 
5351 -2515 
-2699 431 
-3267 7422 
6152 7185 
5697 -1525 
-5757 -2715 
-5047 2555 
6007 -896 
3983 -7070 
-5665 -2410 
-2275 4631 
5304 2814 
1347 -2207 
-2255 -4566 
5223 -5455 
9416 -4159 
1770 -1602 
-4304 -1304 
-978 -1499 
3628 -485 
4799 -2077 
4821 -5247 
2947 -2682 
-300 5499 
-969 9380 
-1788 2852 
-6055 -6158 
-5621 -4471 
1854 5897 
1796 9789 
-7758 5264 
-8514 3817 
-87 4078 
-415 -2919 
-6043 -9534 
-2682 -5042 
1514 2241 
-1740 2286 
-1160 1223 
3553 4735 
-203 5891 
-5670 -91 
-1470 -6343 
2662 -6207 
525 -3170 
932 -2821 
2806 -3311 
1835 -1009 
5700 2619 
10867 5019 
4431 4114 
-2205 -1169 
5766 -3374 
11318 4538 
1580 10074 
-4742 -56 
-434 -11314 
-2281 -7158 
-9441 942 
-7678 953 
-2532 262 
-2554 1416 
-429 -486 
3618 -804 
-313 1330 
-6147 -1451 
-2963 -2788 
1069 4963 
-3425 7641 
-7919 -2563 
-4387 -7721 
1086 631 
2078 7781 
967 5161 
2954 -1717 
9260 -6091 
13594 -3420 
8444 2759 
-1494 3233 
-4483 459 
-1155 1643 
-142 900 
246 -5228 
3785 -7814 
2848 -6581 
-5172 -6702 
-8474 -1109 
-3736 9725 
-1213 9465 
-1472 -509 
2039 -1807 
4568 4862 
3044 6501 
5889 3446 
9582 18 
509 -3425 
-11908 -3051 
-7594 157 
4526 -987 
3529 -3682 
-5116 -1843 
-5812 770 
-1878 3416 
-2309 8651 
-4676 7458 
-3607 -3623 
1350 -8954 
6584 -3323 
6454 -568 
841 -3078 
-2969 -2582 
-1746 -2074 
385 -4307 
318 -2304 
-2458 2340 
-6133 1441 
-5171 -1256 
563 306 
2984 1037 
1698 -2502 
4306 -4496 
7950 -1476 
4884 3083 
-426 5758 
-1368 6809 
86 6549 
3085 2174 
6640 -5411 
3950 -6618 
-3244 2116 
-4748 9172 
-2784 6966 
-3698 1992 
-1262 -1263 
3405 -3338 
-2308 -2150 
-10187 -1079 
-2398 -4708 
8201 -2922 
2191 8449 
-6690 9264 
-2586 -6172 
2731 -11892 
429 -902 
-1064 2862 
1579 -4225 
6548 -3681 
12659 2414 
9976 934 
-3273 -2794 
-6394 -922 
6021 1983 
9164 3327 
-3988 3824 
-12247 1161 
-9599 -1006 
-6103 2837 
-2109 5513 
81 -511 
-6311 -7755 
-10242 -8213 
-1159 -4916 
5448 -1535 
-115 1636 
-2293 2626 
2793 197 
694 -3580 
-5972 -5268 
-3769 -1727 
2694 4791 
4087 6437 
4217 1795 
5490 -1892 
3466 -1153 
250 2438 
1848 6838 
6628 5283 
8716 -5205 
6557 -10626 
3154 -1098 
1095 7734 
3 2854 
-662 -2621 
-1244 1186 
-4276 3088 
-8032 -1150 
-5011 -103 
1712 6950 
94 7395 
-5258 -739 
-1201 -5527 
3702 -362 
-2611 7592 
-6628 9531 
2028 6488 
7757 2054 
3300 -5104 
1701 -10431 
3864 -5056 
589 1763 
-2495 -5984 
176 -15485 
-696 -5673 
-6624 8322 
-6579 3054 
-1558 -7762 
-2106 -4903 
-6191 -605 
-4985 -5552 
-1136 -6237 
-2074 2382 
-3252 6715 
4016 2323 
11462 -2937 
4000 -5153 
-8726 -3334 
-4131 2771 
10794 7340 
11420 5288 
1618 791 
424 -89 
2368 2319 
-4201 4025 
-9403 2836 
-5639 552 
-2466 -123 
-1646 19 
4728 -503 
11211 -575 
7628 -235 
72 231 
-1429 4169 
-192 10640 
-1617 10934 
-1854 3754 
1415 -1083 
3282 -834 
3788 -2491 
7695 -6103 
8907 -5216 
-816 -1113 
-10171 -283 
-5704 -2293 
1682 -2172 
-296 -885 
-2734 -3269 
-1483 -6874 
-4808 -4298 
-6468 2086 
867 2289 
1862 -3146 
-7986 -4534 
-7713 -980 
3237 830 
4160 356 
-1846 1574 
-1991 4574 
-3411 5470 
-6578 746 
-711 -6315 
4190 -6837 
-1498 -1293 
-879 95 
8884 -2113 
7084 1472 
-1010 7599 
3665 7510 
7772 4286 
-2259 1953 
-6865 -1624 
2103 -2938 
4940 867 
-408 2148 
1372 -1246 
5834 -2370 
1687 -2868 
-4268 -5771 
-4778 -3250 
-4163 4471 
-2799 5463 
2472 1101 
5656 915 
720 899 
-4894 -3701 
-1327 -6151 
6447 -3488 
5660 1388 
-3549 7470 
-8146 8159 
-2752 -1442 
3764 -8554 
2989 -3156 
-3195 3309 
-6872 2800 
-2756 2108 
4667 1298 
5530 -3239 
-354 -3694 
-3259 2861 
-216 5936 
2787 2627 
3367 374 
3080 338 
1100 -1281 
-2150 -4388 
-3044 -5633 
-954 -1805 
943 3684 
1337 2969 
2248 -27 
4198 4382 
2535 8298 
-5442 481 
-11268 -8097 
-6257 -5978 
2327 -2474 
3548 -3689 
853 -1746 
559 3386 
-338 3114 
-2678 -2895 
-1469 -7241 
2532 -3560 
3327 5508 
-769 7576 
-4173 580 
-289 -1444 
4418 2979 
-3714 1231 
-14366 -3778 
-4298 -3858 
12993 -5906 
7530 -8317 
-6258 -57 
-328 6466 
9280 -1811 
2926 -5633 
-1711 4352 
5132 6521 
7408 -344 
3484 3162 
3041 8848 
1904 2572 
-2294 -1276 
-3555 4438 
-2897 4467 
-1398 -1612 
1544 -2337 
-2376 -1228 
-11115 -3306 
-7511 -3590 
3969 109 
3867 6717 
-1515 11869 
820 6640 
1574 -2823 
-3016 -645 
-2602 4311 
-84 -3216 
-1028 -8873 
1548 -2380 
5320 -1588 
2230 -8555 
227 -5617 
3497 1770 
1910 812 
-2547 28 
-1499 2169 
-520 -1225 
-578 -3523 
4521 -101 
5080 -1889 
-5015 -5809 
-9736 -1679 
-4955 -226 
-4417 -6304 
-5669 -4883 
-942 1231 
1652 -1878 
1155 -3338 
4778 6006 
5307 9759 
993 3888 
4229 4446 
7786 9590 
-1413 5115 
-6713 -5264 
2434 -8664 
5344 -2498 
-2230 5755 
-2431 7141 
554 3248 
-3205 2938 
-2253 3154 
3873 -2807 
1291 -5691 
-2092 332 
4001 2937 
5027 -1629 
-4055 -3166 
-7203 -1510 
-3187 -693 
-2111 2380 
-1882 3287 
-1128 -3463 
-2209 -6432 
2434 1055 
11924 5529 
9732 1236 
-2483 -1767 
-5372 -1400 
1034 -3105 
3139 -5141 
925 -3231 
-468 2159 
-1083 5634 
1481 1101 
5897 -6032 
3282 -4063 
-4845 1309 
-6790 -3022 
-2853 -8918 
-1936 -3534 
-2342 4898 
827 6929 
1486 7609 
-4658 8456 
-7743 5288 
-1219 1685 
4190 1450 
414 603 
-2779 -2925 
1086 -5852 
1737 -5666 
-5534 -2617 
-9121 1038 
-1655 3577 
10236 4560 
15874 1905 
8684 -3241 
-4772 -4379 
-7279 -2858 
2169 -5110 
4589 -5188 
-3701 1254 
-6597 2447 
-1733 -2168 
665 1599 
1671 7640 
3807 2986 
955 -532 
-3895 3614 
-1456 739 
3201 -5879 
2634 -2116 
3491 1495 
7794 -2960 
4338 -2928 
-6205 -638 
-7773 -4316 
1012 -1516 
3012 6819 
-5274 2440 
-7372 -3404 
219 5061 
883 7359 
-7181 -3754 
-6011 -3379 
4348 6321 
5479 4857 
-1170 1360 
-145 3088 
4772 -3486 
3569 -10440 
2726 -2415 
5700 6489 
3522 7041 
-2203 8902 
-1891 5185 
752 -8015 
-693 -8752 
-1224 3840 
1308 5039 
1283 -2392 
-1005 -2743 
-1594 -4047 
-1544 -8949 
-1125 -5490 
834 -550 
249 -4851 
-4437 -7470 
-5530 -2277 
-171 1682 
1795 2592 
-5305 2175 
-11538 -1792 
-6485 -4368 
4499 -286 
8995 6534 
5126 11788 
198 9985 
-1678 -1143 
-972 -6177 
848 2804 
911 5082 
-510 -5209 
1710 -5582 
6011 2794 
4363 865 
-239 -1776 
1552 5844 
4910 7796 
1075 999 
-3287 -601 
-1005 -1388 
1771 -6194 
1999 -4010 
3942 2308 
4358 2174 
-457 805 
-3268 -2058 
-1217 -10603 
-1868 -8003 
-5101 8337 
-4642 8979 
-3974 -6183 
-6230 -5395 
-3683 6656 
3967 4554 
4753 -2799 
-1532 -1023 
-2114 1161 
3665 2066 
4838 5838 
675 2848 
-681 -5870 
773 -4750 
-1540 2417 
-6494 1688 
-4972 -2053 
4344 278 
8694 4926 
866 5326 
-5920 -112 
-991 -4615 
3008 342 
-3387 5600 
-5492 -1799 
4155 -8716 
8813 -2114 
2346 1528 
-895 -5709 
590 -5201 
-3531 3396 
-7354 763 
-1884 -8719 
3011 -9187 
-542 -5049 
-3034 -1652 
882 6493 
3942 12782 
3153 6517 
2830 -1711 
4423 343 
5304 1941 
3077 -5576 
-1016 -7089 
-2868 5568 
-2364 12227 
-2887 2003 
-3245 -3338 
-1569 6763 
-847 9448 
-217 -2598 
3724 -5868 
4517 3139 
-2749 3802 
-7051 -3408 
-1808 -5176 
1337 -4911 
-3534 -3896 
-6721 4656 
-3955 9501 
-262 -651 
3003 -8846 
4857 -2822 
637 2205 
-7235 -890 
-8373 -1270 
311 27 
8884 -5006 
8323 -9294 
3762 -4977 
4105 554 
4832 4 
103 -1001 
-718 4710 
5429 12634 
3065 13189 
-6847 7182 
-2593 2280 
10797 -1286 
7645 -5002 
-4229 -3783 
-514 1265 
7704 1810 
683 -288 
-8464 873 
-7028 682 
-8037 -3279 
-13687 -5123 
-8101 -5330 
3741 -6474 
2723 -4153 
-4754 -639 
-722 -3426 
7738 -6665 
5725 -2393 
321 2614 
869 1955 
-503 -667 
-5186 -2268 
-1572 -1958 
5406 -371 
682 -1548 
-7459 -1660 
-4651 6802 
-642 13703 
-2930 7663 
1421 1058 
11400 3433 
9746 4443 
1524 3414 
2880 7285 
6463 5890 
1600 -4235 
-2520 -6861 
-730 -2775 
-1825 -5124 
-6658 -4633 
-7473 5226 
-3148 7153 
1978 161 
4272 1066 
3126 2644 
1194 -6625 
-1796 -10732 
-6134 -2020 
-3500 1622 
6119 -4092 
4495 -6127 
-9505 -2070 
-10612 4087 
3402 8752 
6311 4288 
-3013 -4826 
-1904 -3925 
8414 355 
10131 -6269 
4292 -10560 
2528 344 
5597 8581 
6358 2600 
308 -2864 
-7771 -1960 
-8871 -2372 
-5124 -775 
-4263 5109 
-1967 5179 
6083 220 
9639 840 
2944 3018 
-5444 332 
-9494 909 
