7229 -3855
2842 1458
1283 6299
3949 1817
1995 -4131
-3609 -2483
-4781 1168
-3389 -70
-5057 -1440
-5503 2272
-1353 6176
-549 4837
-6153 1199
-8633 -831
-4777 -2808
-1412 -5943
605 -7172
2921 -4184
1243 725
-1892 3492
1828 3293
6812 2752
3384 2412
-1289 -62
1058 -3140
3517 -2380
960 790
-1671 1465
-1700 315
458 1131
4204 4127
5029 6558
1868 5119
1065 -551
2929 -4872
1429 -3909
-2323 -1804
-4123 -1553
-4389 -272
-3077 1775
-1098 1881
-1481 1949
-905 2618
3038 756
2304 -2019
-3867 -2460
-4562 -2514
-1725 -2432
-4887 -123
-7349 1577
-1972 1669
2547 3404
2735 2536
4729 -4157
6084 -5814
3142 580
874 162
582 -7354
264 -5623
1849 1166
3003 -2656
1184 -8414
2173 -2266
4738 4953
974 2103
-3026 -1350
-1372 1762
-3805 5085
-9020 5324
-4474 5180
1888 4521
-661 2854
-1295 2303
2302 2845
-803 1689
-2986 -1648
2875 -3926
2496 -3157
-3105 -1755
2437 -1011
9609 1373
4728 2832
260 -1804
1161 -5868
-2045 236
-2733 7772
2473 3945
-13 -3381
-5116 -2338
-458 1251
123 165
-7003 -1547
-1080 -2048
10114 -2450
2912 939
-8040 5593
-3264 3173
3152 -963
2664 2211
3213 3431
653 -4040
-5083 -6107
-2703 903
534 -119
-4301 -8560
-3270 -6123
4207 2820
104 1462
-8048 -3821
-3243 -934
3701 3201
2558 2248
2218 794
3671 -1000
2471 -3448
1943 -1252
-982 2777
-7255 2396
-3540 1812
7501 1686
5908 -3497
-4178 -5138
-4919 3582
-224 5827
1430 -4491
2897 -5658
2705 5508
330 6779
1253 -1507
1137 -1273
-1825 4069
3107 2820
8880 -1132
-684 -2366
-10051 -1425
-2004 1804
5135 3357
815 491
278 241
1599 3241
-4505 408
-4854 -5317
2254 -4879
-1175 -1418
-8364 2106
-2369 7120
4619 5952
922 -2767
-2017 -4378
-437 1834
-337 1538
1404 -2443
3796 -683
1704 623
2644 -887
8252 594
5146 -953
-4673 -7708
-5995 -6130
-881 2595
1247 2673
1952 -3052
2139 -3774
330 -3169
146 -3224
625 -123
-2379 1299
-4909 -650
-4956 405
-5954 1587
-3704 64
3477 2968
4645 5521
-1446 -1478
-2707 -4629
370 4046
-1851 5592
-7096 -2554
-7263 575
-681 11469
7220 11573
6861 6014
-1002 2465
-2277 -5247
3374 -10367
2294 -2841
-751 4137
5166 171
7533 -4450
-1676 -5995
-5289 -8509
1807 -5638
4556 2911
2060 4533
2685 -1479
3046 -6053
1494 -8543
2007 -7367
962 1601
-2434 9742
-1300 8457
1722 4729
307 3346
-2154 578
-4689 -223
-8181 3320
-4078 2720
5996 -2090
5595 -977
-1835 2815
1394 309
7569 -1680
1133 3287
-6300 4983
-2874 -1616
-677 -5328
-4836 -2109
-2818 -1759
3509 -5914
-1383 -4924
-12374 1285
-9377 2271
4329 -2346
6530 -2568
-2608 2003
-3320 2406
3280 -1663
2200 -3110
-178 -1347
5827 599
6895 3404
-2707 5377
-6736 1833
-2640 -3910
-1363 -2662
537 5157
4818 8425
2119 1931
-761 -5241
5396 -3589
4985 1600
-6818 499
-7733 -2737
2889 385
4551 3615
1715 -1540
5381 -7034
4442 -3562
-1966 2157
861 2154
6783 -141
2831 -712
-2639 50
-2768 2529
-3194 4552
-2710 2206
-426 -1124
-2427 -1175
-3802 -2120
1939 -4217
4906 -289
291 4773
-2518 20
-2710 -5220
-3661 1986
-209 7714
4480 -1889
1479 -9494
-2224 -744
816 7554
2847 2574
1484 -3710
1415 -3546
-1063 -2384
-4489 -368
-525 3303
2737 3054
-3873 568
-6889 2101
536 3546
2915 1839
-2521 3013
-1914 4024
3269 -2822
1133 -7502
-7499 -362
-12870 4540
-7466 -2175
6287 -5717
13647 -603
7339 -1355
-1035 -7911
-3594 -5489
-3905 2695
-639 3251
5330 -415
3936 173
-2739 1522
-3066 601
94 305
1646 -824
6812 -3461
9785 -2096
716 2245
-6957 3026
-737 3000
5275 5755
2647 5047
3153 902
6810 1968
2847 4528
-3241 80
-1616 -4214
1976 -2225
-82 -2470
-4415 -5791
-4933 -3201
-1907 1681
-1648 1997
-5818 2453
-5944 2261
123 -4438
1374 -8392
-3853 -2416
-4093 1371
989 -548
1988 2924
-668 7270
-2075 2321
-2301 -2789
-970 -1658
1088 -2458
760 -3122
774 1990
3527 3958
4410 2112
4313 6980
6148 9587
1337 -916
-9387 -7374
-6611 33
8365 2690
10154 -3709
-1481 -3148
-5097 1757
-2381 -798
-5594 -4888
-6985 -4518
45 -3567
4910 -576
2696 3302
147 -493
279 -6284
2126 -2147
4782 3717
5772 1778
3971 1844
-823 6694
-8421 3198
-11664 -6346
-5078 -5436
1804 3806
1711 5274
2561 -1523
4913 -3885
80 396
-4311 1645
1802 -2595
5646 -2870
-1626 3766
-5067 6125
1159 -1184
2863 -6804
-2444 -2303
-3150 4285
1830 4307
5264 1938
5717 2927
4310 3107
456 -1618
-4038 -4481
-4502 278
306 5228
3818 3281
684 -636
-2527 -2954
-159 -6256
-323 -6395
-5425 269
-3590 3861
4327 -351
4954 -1000
2040 3820
4496 2104
2888 -3874
-5668 -1671
-6421 3871
-717 1374
-2746 -3221
-6415 -120
-2010 4648
297 1594
-3854 -4729
-3439 -4104
1043 1499
973 1734
-368 -2881
902 -2621
988 1800
733 1767
2861 -1787
4383 -3234
4022 -3156
1970 -1647
-3108 2446
-5219 4380
1450 2093
7209 1286
4085 2476
1177 1136
2952 -1232
1475 -2881
-2469 -5492
-1717 -5120
813 815
1 3807
-3182 -135
-7089 -2325
-7475 1452
-503 5672
6151 6322
4743 3416
1641 85
1800 1146
401 5254
-1485 6974
793 5478
2685 387
867 -7601
-467 -9184
-1775 -2217
-5025 -1301
-4594 -9170
1091 -10024
4329 -3028
2175 -863
-715 -1231
-956 1877
1473 2408
2996 -272
-156 -46
-4040 1412
-3083 3600
-26 8601
2131 8561
4554 1363
4065 -1487
-980 -1640
-3827 -7533
-3777 -7329
-6820 4270
-7284 7326
1695 21
7912 2681
432 9886
-8172 3659
-4022 -5730
4866 -4754
4156 -1677
-3507 -1008
-3973 1469
3943 1617
5604 -2189
-2154 -3984
-4743 -4812
1203 -6155
4190 -3702
3371 -996
4197 -1977
2518 529
-1323 5104
193 1636
2701 -2506
32 3041
-683 7058
2684 1671
3536 -2244
3651 -1220
2966 -1669
-4549 -1744
-9061 -60
-754 -699
4347 -493
-1702 2484
-1580 695
4036 -4337
-1002 -2498
-7125 3061
-3237 3711
-3234 2606
-7328 3543
340 3088
9351 1128
3823 355
-2898 -662
154 -2743
3806 -2831
4468 760
2607 4664
-3784 3868
-5464 607
785 2152
117 4883
-5270 -81
-607 -5483
2432 -2127
-4984 -788
-2392 -7197
8476 -6885
2462 689
-7994 -591
-408 -5886
5460 -920
-3133 4463
-4253 -660
2908 -3753
1629 3343
1483 8692
7841 3730
4358 -5235
-2943 -7848
1697 -1677
4249 3603
-3202 1019
-3240 -1260
1328 1214
-4533 -152
-7953 -3886
755 -486
4224 3062
-445 -1303
1640 -2698
5222 3681
-752 5880
-6129 1972
-1192 431
6505 932
7236 1601
-44 3899
-7317 2815
-6482 -2937
-2480 -3758
-2431 594
-2003 -320
-1123 -5308
-4896 -5348
-3631 -778
8120 2848
12251 2708
3562 -126
834 55
4407 3962
1245 3511
-470 -409
4271 1531
346 5095
-8576 1958
-4088 -897
4557 521
1450 -1662
-3024 -4250
-1152 235
-1567 2046
-2034 -4283
2869 -6169
3285 -2287
-3282 -3377
-5254 -3985
-2993 3326
-4291 6838
-5287 608
-2064 -4147
1150 -4729
2764 -6619
2577 -5061
352 2953
2286 8262
8402 6752
6032 4072
-4077 2492
-4831 762
3542 -797
5353 -2043
1041 -2464
-142 -2607
-1318 -5692
-4710 -8338
-3860 -2105
-1002 7388
-3021 6725
-3660 915
3414 3029
8804 7487
5216 3688
177 -2728
-854 -4709
-2013 -5398
-3856 -4506
-2635 1408
-648 6649
-2012 5181
-3558 923
-832 -2167
3096 -4063
2879 -1872
435 3553
1462 3416
3988 -2608
994 -3000
-4600 3705
-2902 5719
3772 480
4653 -2557
1089 -932
904 -641
1438 -2185
-1020 -1195
-1615 1401
22 999
-785 -2634
-587 -5433
2809 -4765
1419 -1953
-4366 -194
-3707 -367
765 536
-1733 3946
-6475 5103
-4321 1118
-40 -1166
561 2693
106 4028
-35 -1853
508 -4269
3514 392
4341 -311
-797 -7314
-2885 -6084
3564 2474
7341 3633
1903 -1120
-2464 -641
893 1938
5069 221
3795 -280
-1093 3734
-4509 5205
-3061 316
848 -6079
723 -7975
-4808 -3821
-9403 1906
-7469 4620
-738 6388
4421 7731
4401 3010
1420 -3813
-1150 -281
-2745 8639
-3232 6066
-977 -4433
4570 -6320
9291 -897
6975 903
375 -32
248 229
3957 -83
-2383 -179
-11330 419
-3372 -2920
10041 -7935
5541 -5686
-5425 1495
-3626 2726
885 -2679
-216 -5591
866 -758
-658 7109
-7517 7853
-2442 105
10521 -3815
5560 1008
-8058 2213
-4306 -4100
4461 -4388
940 4123
-530 8080
4343 4005
-25 -262
-8169 -2555
-6385 -2940
-2105 334
-488 2051
4295 -2394
5894 -5362
-1236 -2225
-4562 -1133
1377 -4215
4891 -3658
160 -91
-7153 1092
-9046 3270
-1380 7022
6990 5145
5065 722
922 1783
3644 1319
3194 -5439
-3137 -4915
-2510 4675
2312 4640
41 -4625
-2518 -4826
290 -297
624 -3577
503 -2811
4932 7904
4400 8779
-1652 -2055
-1015 -3256
1526 2324
-2160 -1661
-565 -4797
7593 2489
5820 3148
-2389 -4793
-3000 -337
-3558 10975
-9115 6234
-6377 -5302
3233 -3351
4989 2749
2340 528
3186 -1298
755 499
-5891 -2146
-7431 -5131
-4372 -177
-2177 6959
52 7323
1334 -448
-562 -11018
-1709 -12006
177 -325
2611 5626
5559 -2355
7480 -4840
3133 4443
-4919 6328
-7103 -902
-1519 -1647
4765 349
6453 -3629
4657 -4539
2714 -341
881 -1010
-1259 -2511
-1111 834
632 -220
-385 -4267
-1265 784
1585 6564
745 1428
-4804 -2321
-2701 2579
4444 3589
1521 279
-5320 2434
-3154 4014
-1387 -294
-5824 -1472
-3789 -240
2320 -4297
-1420 -4431
-6887 6538
-2862 13343
566 7062
-1294 1084
1167 2720
6367 3267
7215 -277
6567 -1978
4389 -1308
-1068 -1665
-1170 -1788
5112 -495
4891 -1654
-1535 -5562
-2044 -5551
2192 -1427
3443 -1547
944 -5175
-4912 -4017
-9362 -1460
-4729 -3638
1323 -2662
-1742 4106
-2865 3916
5433 -2972
6574 -2777
-3311 447
-4493 -3588
3750 -4700
2721 3704
-5346 6592
-4618 -1131
1999 -5032
2522 -562
-2088 3300
-4149 1918
-1669 -3129
1654 -5406
2292 1745
1555 10630
2011 8298
1935 228
694 -1292
2125 949
5518 608
4786 -409
-342 -598
-4098 221
-4423 2852
-3735 3707
-2639 1823
280 2526
2650 3258
-527 -2287
-5799 -7289
-3071 -4715
5019 -164
5201 3630
-948 7393
-824 4863
3079 -934
545 2237
-5220 6407
-7197 -2203
-6017 -9107
-2120 -651
2957 5231
3598 -2502
1601 -6335
2470 -21
1926 520
-1915 -7838
-569 -11013
4755 -3867
3944 4415
768 5087
3569 -136
5852 -3905
1131 -5178
-3737 -6970
-2982 -5930
-97 695
85 6132
-2635 4884
-3190 19
713 -3394
2281 -1339
-1138 4580
-1989 4714
-259 -1692
-2495 -1972
-3724 4028
599 3387
1904 -903
-769 2359
926 6638
2620 3196
-359 -959
1462 -841
6798 -331
2918 1202
-3679 4548
-696 5189
3064 4144
18 4881
-1458 2581
44 -4866
-1174 -8767
-2562 -4763
-2325 -280
-1942 -1555
962 -4168
1495 -303
-6842 7165
-11339 6700
-3107 -1792
915 -5901
-5102 -3135
-2987 -1138
6873 -287
7116 1033
1178 -715
415 -2838
1205 -575
814 708
1186 -862
36 1132
1514 2374
9011 -3737
9735 -6654
1088 -365
609 1335
6381 -6133
523 -9745
-8944 -5400
-6452 768
-908 6861
303 9839
2836 6312
1840 2751
-4482 4297
-1152 4461
9656 -603
7236 -4958
-5204 -4150
-8845 -512
-5817 382
-5728 -3819
-4438 -6516
905 -1240
3928 6047
992 6925
-4402 3497
-4479 1264
3297 1826
7416 3887
-307 2656
-7336 -2939
-2870 -4043
2685 2271
-311 4456
-4692 -2171
-2582 -6730
3160 -2948
5651 2598
2916 2759
562 -1238
3035 -1784
6006 2602
4915 2161
743 -4073
-4665 -2174
-5883 7262
1450 7109
6403 -1483
-380 -4095
-5070 -3576
1309 -6300
4139 -4575
-76 1879
1503 2943
3980 170
-2060 -910
-5546 -2723
-2330 -2846
-3455 1298
-5104 1128
-809 -3185
-1559 -552
-6400 2530
-849 -5615
6929 -11782
3792 -3087
415 7201
2082 7770
65 4852
-23 2279
4657 236
-657 2003
-9346 3453
-551 -778
10999 -3309
3424 -248
-6523 -508
-3684 -3565
-1490 910
-2410 8507
2149 7107
2888 272
-3631 -1671
-2052 153
5815 -89
4266 -1798
-2144 -2372
-2450 -2571
-213 -2753
2012 -523
4701 3908
1536 5393
-4831 2013
-1367 -190
8122 3024
6801 5757
-4857 541
-10304 -8770
-2438 -11186
7276 -5330
4652 -615
-4735 127
-3103 1931
5639 1986
1794 -2871
-8084 -1978
-2029 7111
10365 6394
5279 -6344
-7312 -9731
-4371 -2382
5587 -1575
2859 -2807
-5376 4083
-3275 5445
2060 -3896
-2900 -4449
-10419 6015
-7321 8644
-610 3570
-1608 2914
-3645 2477
1001 -2974
4496 -5834
1873 -3486
488 -400
2298 3904
1716 7457
-691 3897
-1677 -2118
-1840 -518
59 4319
4610 1740
6678 -4809
4800 -5249
3572 -1564
3092 -1648
1891 -2948
3347 390
6100 2938
3710 -1254
-1146 -5213
-1557 -3452
-413 -1579
-2212 114
-3499 6978
-1851 11869
576 6121
2826 -1005
2821 -982
-1702 -2367
-5129 -9057
-1676 -10929
2189 -5112
-884 260
-5413 1210
-4134 -803
-211 -2185
206 2043
-3098 8378
-6131 6423
-5561 -1453
-2403 -3239
-609 353
-417 1301
1153 1187
3101 1897
2748 -1072
2079 -4894
2331 -2987
252 -240
-2968 -1011
-1974 2139
313 8890
-2287 7032
-4488 -1036
377 -694
4881 5319
1819 4388
-1093 495
2526 1382
5451 127
1870 -5490
-2781 -4780
-1571 467
5332 -2375
10690 -8508
7325 -5829
-1513 -1067
-6171 -2912
-4720 -3119
-1329 2051
2163 3441
3118 1787
64 4647
-1553 5679
-419 -1554
-3213 -6056
-7198 -119
-3166 5211
4269 1487
5792 -2822
3749 339
734 4657
-4561 1900
-5744 -3295
998 -3156
5667 -2029
2558 -5033
-1022 -3620
-890 6086
271 9236
702 -1007
-778 -8149
-3434 -2507
-4118 2728
-3601 -1241
-2912 -4407
560 279
2751 4641
-2048 2218
-5103 -666
881 1492
4987 3939
1470 3316
-188 2551
-1 667
-4710 -3285
-6504 -1910
1004 5852
6593 8693
2854 4014
-2855 -284
-4156 -3421
-1531 -5779
856 -3103
-1646 -340
-4881 -2715
-1428 -1779
3002 2205
2070 -2236
4069 -6485
10430 1166
8104 4103
-1492 -5173
-3083 -5172
3242 3171
6368 -1755
3255 -7824
-3645 2796
-7873 7398
-1885 -6786
6890 -11798
5508 375
338 5176
1608 576
2386 2560
-470 6977
1976 5536
5996 4003
-91 4479
-10450 3282
-11277 1520
-2662 -683
4404 -3560
1996 -3441
-4751 -2312
-4248 -3653
17 -1441
-4120 4647
-9902 4897
-5236 2081
569 3469
-1200 619
-1482 -7543
946 -5661
-617 2246
1337 -1297
9584 -7324
9355 -358
633 8086
-787 7191
2550 4966
82 1892
-2267 -5764
-863 -6278
-3398 4162
-6345 8329
-711 342
5351 -6468
640 -6563
-6822 -4081
-2782 0
9373 2970
12230 1195
1337 -789
-6397 840
-1673 811
2663 -2830
-91 -3331
-569 1136
890 3042
-2768 -1287
-4216 -4905
1181 -1658
2000 2989
-2925 1737
-1041 -801
5806 1547
6597 1896
3497 -5487
2453 -9765
1657 -2704
686 4504
1451 2450
2085 -312
1011 2654
-800 4399
-2445 3038
-2822 4946
-2595 6994
-3122 1739
-1494 -5081
2313 -5190
1295 -2795
-3474 -2417
-3383 -620
-1606 2153
-4602 1904
-5260 1212
110 2678
2101 2994
-1159 1524
-3393 401
-5353 -1198
-6721 -1646
-2703 1426
2279 2209
2167 -2211
943 -3020
517 1399
-868 1034
387 -2896
2486 -1358
-797 525
-2313 -3872
3355 -5463
4875 434
1869 3146
7136 -666
13458 -2333
9006 -777
4627 -1108
4065 -1111
-4197 2327
-9994 4598
-75 1671
6142 -2746
-2739 -2968
-5627 411
1285 1270
123 -1476
-3590 -910
1866 3607
3951 3093
-2783 -1605
-4777 277
-2087 4932
-3039 593
-2606 -4608
112 1394
-3640 6099
-9399 -1561
-6246 -5820
1468 1685
3337 3626
-772 -4491
-2563 -6116
3537 -449
9810 865
5771 1576
46 5676
4357 3439
6691 -3388
-2728 -1540
-7190 4177
1028 1674
4451 -2483
-1157 -693
-1670 -697
2025 -5916
-341 -9292
-4948 -7782
-5062 -1127
-3785 9247
-4075 13038
-3703 5171
-108 -2593
5086 -3069
4576 -2150
-2309 373
-2792 6344
5262 6146
4872 -1300
-4921 -2324
-4317 2184
5137 -762
3408 -6049
-4845 -2063
-1946 3966
4536 2406
1154 -1891
-1929 -3900
4468 -4666
8055 -3560
1513 -1365
-3682 -1115
-835 -1286
3102 -411
4105 -1775
4125 -4492
2520 -2292
-257 4706
-828 8020
-1529 2442
-5179 -5264
-4805 -3828
1586 5045
1537 8375
-6634 4500
-7280 3265
-76 3490
-353 -2498
-5167 -8155
-2295 -4309
1295 1916
-1486 1953
-994 1050
3039 4050
-172 5037
-4852 -76
-1256 -5425
2278 -5312
450 -2709
797 -2410
2402 -2835
1568 -861
4875 2242
9295 4290
3790 3520
-1888 -997
4933 -2887
9680 3883
1351 8619
-4054 -50
-371 -9678
-1951 -6120
-8074 806
-6565 815
-2166 228
-2183 1210
-366 -416
3096 -686
-267 1137
-5256 -1242
-2534 -2382
916 4245
-2930 6535
-6772 -2190
-3751 -6604
929 539
1778 6656
827 4415
2527 -1469
7920 -5207
11627 -2925
7224 2358
-1277 2766
-3834 394
-987 1404
-123 771
211 -4470
3238 -6684
2437 -5628
-4424 -5731
-7247 -949
-3197 8319
-1036 8097
-1259 -436
1744 -1545
3908 4158
2602 5561
5039 2947
8195 17
434 -2929
-10183 -2610
-6494 135
3871 -844
3020 -3151
-4375 -1575
-4971 660
-1605 2922
-1975 7400
-3999 6379
-3084 -3098
1154 -7658
5632 -2841
5521 -486
720 -2631
-2540 -2208
-1492 -1773
330 -3683
272 -1971
-2101 2002
-5245 1232
-4422 -1073
482 263
2554 888
1451 -2139
3683 -3845
6799 -1263
4177 2637
-363 4926
-1170 5824
74 5601
2639 1860
5679 -4629
3379 -5659
-2774 1810
-4062 7845
-2381 5959
-3161 1704
-1080 -1081
2912 -2855
-1974 -1839
-8713 -922
-2051 -4026
7016 -2499
1873 7227
-5721 7923
-2211 -5277
2336 -10170
367 -772
-909 2449
1350 -3614
5601 -3149
10828 2066
8533 798
-2798 -2389
-5468 -788
5148 1695
7839 2846
-3410 3273
-10475 993
-8207 -859
-5219 2427
-1803 4715
70 -436
-5398 -6632
-8761 -7024
-990 -4204
4660 -1313
-96 1399
-1960 2247
2389 170
594 -3062
-5107 -4504
-3223 -1476
2302 4099
3497 5506
3607 1537
4696 -1620
2965 -985
215 2086
1580 5847
5670 4519
7454 -4451
5608 -9088
2698 -938
936 6615
3 2440
-565 -2240
-1064 1013
-3657 2641
-6869 -984
-4285 -87
1464 5945
81 6325
-4497 -631
-1027 -4727
3167 -311
-2233 6494
-5669 8152
1734 5550
6636 1757
2822 -4366
1457 -8920
3305 -4324
504 1508
-2133 -5117
151 -13242
-595 -4852
-5664 7121
-5626 2613
-1333 -6638
-1801 -4193
-5295 -517
-4262 -4749
-972 -5331
-1773 2036
-2778 5743
3434 1987
9805 -2512
3421 -4408
-7462 -2850
-3533 2371
9232 6278
9767 4523
1383 677
363 -76
2026 1983
-3594 3443
-8040 2425
-4823 473
-2111 -106
-1405 16
4044 -429
9587 -492
6526 -202
62 198
-1225 3565
-162 9101
-1382 9353
-1587 3210
1213 -925
2807 -713
3238 -2129
6583 -5219
7619 -4459
-699 -953
-8697 -242
-4876 -1960
1437 -1857
-253 -755
-2334 -2795
-1271 -5878
-4110 -3675
-5530 1784
739 1961
1592 -2692
-6826 -3876
-6598 -838
2769 709
3561 305
-1580 1347
-1705 3913
-2914 4678
-5627 639
-610 -5401
3588 -5847
-1281 -1106
-754 83
7601 -1808
6060 1258
-869 6500
3138 6423
6650 3665
-1936 1672
-5869 -1390
1802 -2513
4220 743
-348 1836
1177 -1065
4986 -2026
1442 -2453
-3644 -4935
-4090 -2779
-3562 3824
-2388 4673
2111 942
4836 784
622 769
-4186 -3163
-1138 -5261
5519 -2982
4841 1188
-3041 6389
-6962 6979
-2351 -1231
3213 -7315
2562 -2700
-2729 2831
-5884 2395
-2354 1802
3996 1112
4723 -2769
-302 -3160
-2781 2449
-192 5076
2384 2246
2887 321
2629 289
939 -1096
-1831 -3753
-2609 -4817
-818 -1544
814 3150
1141 2540
1918 -23
3598 3747
2166 7098
-4660 412
-9630 -6926
-5351 -5112
1985 -2116
3040 -3155
734 -1491
470 2897
-283 2663
-2286 -2474
-1264 -6192
2168 -3045
2852 4711
-666 6480
-3566 497
-239 -1236
3771 2551
-3177 1054
-12279 -3231
-3681 -3297
11110 -5052
6449 -7113
-5356 -47
-285 5530
7945 -1549
2501 -4816
-1469 3722
4396 5576
6336 -293
2973 2705
2607 7566
1631 2201
-1970 -1090
-3035 3796
-2473 3820
-1203 -1377
1324 -2001
-2027 -1050
-9512 -2827
-6422 -3071
3401 95
3302 5746
-1295 10150
708 5679
1343 -2414
-2582 -552
-2218 3688
-75 -2750
-883 -7588
1332 -2036
4548 -1356
1902 -7316
201 -4803
2991 1514
1629 696
-2172 22
-1281 1857
-450 -1047
-490 -3014
3868 -86
4339 -1615
-4285 -4968
-8324 -1434
-4240 -192
-3776 -5391
-4846 -4175
-810 1052
1412 -1606
992 -2856
4083 5138
4538 8346
854 3325
3614 3804
6659 8202
-1205 4374
-5742 -4501
2081 -7410
4574 -2137
-1907 4922
-2081 6108
476 2777
-2740 2513
-1929 2698
3315 -2401
1105 -4867
-1791 285
3424 2512
4300 -1393
-3469 -2706
-6160 -1292
-2723 -592
-1808 2038
-1608 2810
-962 -2961
-1891 -5500
2082 903
10199 4730
8324 1057
-2123 -1509
-4593 -1198
884 -2655
2685 -4396
792 -2762
-400 1848
-926 4819
1267 942
5043 -5159
2809 -3474
-4145 1120
-5806 -2583
-2439 -7627
-1657 -3024
-2001 4189
708 5926
1271 6507
-3983 7232
-6622 4522
-1042 1441
3583 1241
355 516
-2376 -2500
928 -5005
1488 -4846
-4733 -2238
-7801 888
-1415 3061
8756 3900
13575 1630
7428 -2773
-4080 -3745
-6227 -2444
1856 -4371
3926 -4435
-3165 1072
-5643 2094
-1480 -1853
569 1369
1429 6535
3257 2555
817 -456
-3333 3090
-1243 633
2739 -5027
2251 -1809
2989 1280
6666 -2531
3709 -2506
-5306 -544
-6646 -3691
864 -1297
2577 5834
-4509 2087
-6306 -2912
188 4330
756 6294
-6143 -3211
-5140 -2890
3720 5406
4685 4154
-1000 1164
-121 2641
4080 -2981
3053 -8930
2333 -2065
4873 5550
3012 6022
-1882 7615
-1617 4435
641 -6853
-589 -7485
-1048 3285
1118 4310
1100 -2044
-860 -2347
-1364 -3460
-1318 -7654
-961 -4695
713 -469
215 -4148
-3795 -6388
-4730 -1946
-146 1438
1538 2218
-4538 1861
-9867 -1532
-5546 -3736
3847 -245
7693 5590
4386 10082
169 8541
-1434 -979
-829 -5283
725 2398
779 4347
-436 -4456
1463 -4773
5140 2389
3733 740
-206 -1518
1328 4999
4200 6668
920 856
-2812 -513
-860 -1187
1516 -5297
1709 -3430
3372 1976
3728 1860
-391 689
-2794 -1760
-1039 -9068
-1598 -6845
-4363 7131
-3969 7680
-3399 -5287
-5328 -4614
-3148 5694
3393 3895
4066 -2394
-1310 -874
-1808 992
3135 1769
4140 4995
577 2437
-581 -5022
662 -4062
-1317 2067
-5553 1444
-4252 -1756
3717 239
7436 4213
741 4555
-5063 -95
-848 -3947
2573 294
-2897 4789
-4697 -1537
3554 -7453
7538 -1809
2007 1308
-765 -4882
506 -4449
-3021 2906
-6289 652
-1611 -7456
2575 -7857
-463 -4318
-2595 -1412
753 5554
3372 10931
2697 5574
2422 -1462
3783 294
4536 1661
2633 -4769
-868 -6063
-2452 4763
-2021 10458
-2469 1713
-2775 -2854
-1341 5783
-724 8081
-185 -2222
3186 -5018
3864 2686
-2352 3253
-6029 -2913
-1547 -4427
1145 -4199
-3021 -3332
-5747 3983
-3382 8126
-224 -555
2569 -7566
4155 -2413
545 1886
-6188 -762
-7161 -1085
266 25
7598 -4282
7118 -7948
3219 -4255
3510 473
4134 4
88 -857
-613 4029
4644 10806
2622 11281
-5855 6143
-2218 1950
9234 -1101
6538 -4278
-3617 -3234
-439 1082
6589 1549
586 -245
-7237 746
-6011 583
-6874 -2804
-11706 -4380
-6928 -4557
3200 -5537
2331 -3549
-4065 -548
-616 -2929
6617 -5700
4897 -2046
275 2237
744 1673
-430 -571
-4435 -1940
-1344 -1674
4622 -316
585 -1323
-6379 -1419
-3977 5818
-549 11720
-2506 6555
1216 903
9751 2937
8335 3799
1303 2921
2464 6231
5527 5037
1368 -3622
-2154 -5867
-624 -2373
-1561 -4382
-5693 -3962
-6391 4470
-2692 6117
1692 138
3654 913
2674 2261
1023 -5664
-1535 -9179
-5244 -1726
-2992 1387
5233 -3500
3844 -5240
-8128 -1769
-9077 3497
2911 7486
5398 3669
-2577 -4127
-1628 -3357
7196 305
8665 -5362
3671 -9031
2163 295
4787 7340
5438 2226
263 -2449
-6646 -1676
-7586 -2030
-4381 -662
-3646 4369
-1682 4429
5202 189
8244 718
2518 2582
-4656 284
-8119 775
-6535 5191
889 3963
5608 -1439
-621 -2896
-7696 -3514
-4156 -5290
2680 -1818
3246 3007
-634 679
-4754 -1550
-4780 2425
743 3137
2153 121
-4697 3148
-4944 5229
5754 -1623
7883 -3359
-2970 4555
-5602 3875
4699 -5540
8892 -6012
2304 -1933
-1074 -5398
1964 -7152
2608 -1470
506 995
1984 -37
5276 1487
3931 189
-1315 -2643
-5093 2383
-5405 6968
-2368 854
2767 -2818
5700 4696
4930 9190
4111 3618
2749 -3099
-1591 -6969
-2903 -6991
1923 -32
3121 7486
-1943 7137
-2798 3459
-317 1929
-3807 29
-6960 -1734
-2102 -1501
470 -3320
-3913 -7175
-3558 -6093
1334 871
-1411 6742
-7090 5769
-3132 -988
3889 -4789
711 -388
-8373 2908
-10541 -2708
-4574 -7902
1117 -5733
3255 -4624
5757 -7067
8042 -3954
4549 3798
-1537 6151
-552 3382
6054 2663
8134 3730
4059 2112
365 -921
713 -24
3573 4291
4310 4360
19 -901
-4890 -1851
-5013 3207
-2679 3449
-1802 -1813
-1410 -1348
152 3660
2791 2570
4088 -1286
258 1153
-4135 4055
1121 -364
10596 -3986
8902 1108
-565 5914
-4373 1253
-4837 -6127
-6398 -8221
-2929 -7939
2137 -6094
-359 1111
-2223 6308
3357 200
3102 -6659
-5885 -2065
-6712 3863
1648 2297
4633 3052
2637 6364
2124 -604
-632 -10340
-3743 -5773
-1178 3769
-1339 2367
-9288 -1030
-10413 3723
-309 7264
3835 4330
-2302 2392
-4709 2261
-887 -197
1410 -1759
2464 -568
2648 -1604
-1487 -5297
-4159 -6238
979 -3054
6891 848
8559 2433
9736 1281
6183 -603
-4992 -2212
-8267 -3885
2505 -2567
7415 3238
155 5719
-370 370
7457 -3068
7228 694
1439 1853
21 -2384
-2631 -2008
-5874 2919
24 3542
5628 1558
-1046 984
-6544 -1831
-1251 -3710
1349 2258
-2211 7601
-969 3076
1535 -2420
-2446 -2124
-6151 -2169
-6373 -1894
-7465 2217
-4791 1997
2690 -3394
2977 -2069
-3468 2311
-2733 -2153
2710 -6185
763 282
-3940 5037
-1473 2365
3734 3694
3899 7464
1576 3059
3127 -3555
6626 -3723
3284 -2687
-5194 -3865
-3974 -3200
7157 -287
8731 2338
-1899 1651
-5945 -3891
-622 -6464
1759 -454
2637 2700
5670 -2213
2013 -1163
-6185 6183
-4729 4241
2125 -1642
776 2379
-3011 6377
-246 1000
973 -3507
-3647 -4696
-3817 -7444
2684 -4014
5265 4548
798 2146
-3423 -6371
-3329 -3527
-743 2898
1898 330
2310 -935
-544 4591
-3287 5850
-1630 2866
2314 3593
2891 3753
240 -417
-1416 -2846
-1688 -2648
-1565 -3839
74 -4699
911 -3652
-2360 -2345
-4336 1204
813 8135
6256 12145
4388 7436
391 -2482
76 -7864
244 -4059
-1134 1442
-1632 291
-970 -2946
1003 -1418
4487 851
4220 235
-2182 350
-6013 565
-2632 -1748
-32 -1662
-1216 2259
-83 2491
1249 -977
-3254 -825
-6215 663
829 -1919
9217 -3582
8435 -393
3433 1744
1953 -118
2085 -1628
353 -913
-2607 436
-5508 1009
-6081 -780
-2586 -2900
497 -271
-2141 4310
-6123 3363
-3575 30
3182 784
5129 384
523 -4466
-3544 -4080
-2112 2739
1538 3214
1829 -2864
-1054 -4247
-2665 -3417
-1262 -6154
1221 -3549
2738 5612
2311 5544
884 -4532
1730 -7338
5268 186
6284 7957
1995 12833
-2402 12123
-1993 2567
542 -5616
733 -2707
-689 2155
-793 199
-63 -1801
-670 1443
-1359 4724
283 1990
1517 -6009
-1910 -9120
-6837 -893
-6452 5500
-554 100
5708 -1741
8214 6321
5176 5154
-341 -5115
-1283 -3880
2169 1984
1813 -3193
-2526 -4538
-2969 5407
-1068 5644
-3871 -3953
-6780 -3535
-2726 374
1664 -4034
-638 -4297
-2653 1892
1233 135
3226 -4625
-1893 -2148
-5801 -1329
-1465 -3904
4815 -176
4541 3118
657 -1343
989 -1977
3606 3476
1108 2562
-3379 -2149
-1233 -763
3217 2462
167 2837
-5253 2799
-3720 1127
-792 -959
-1956 1883
739 4871
8072 921
8482 -4597
2933 -5214
1762 -1524
1732 4581
-1713 7077
-730 1290
3101 -3729
-1516 -770
-7484 2122
-3158 1423
798 1875
-2422 -193
72 -4534
5393 -388
-2321 6324
-10647 814
-984 -6251
9846 -718
4562 4810
-955 2074
3529 2749
4433 5212
-348 -1060
-439 -6116
689 -839
-2477 2175
-3077 -2332
931 -3245
2887 -989
983 -4188
-3793 -7000
-9136 -1427
-7258 4156
1271 611
2942 -4386
-3779 -977
-5223 3871
78 186
1401 -4272
-1771 -607
-3518 1471
-4399 -2942
-4753 -923
-1119 6276
5193 3081
8414 -2745
5893 3346
704 7187
-570 -1071
4014 -3503
7197 1560
4669 -3543
3081 -9747
5514 -1397
4343 5095
-2402 -981
-5357 -1991
-283 4134
4802 2305
1917 -1629
-5310 1812
-5960 2782
1067 -517
2845 1093
-4790 1948
-7419 -2196
-145 271
1973 7324
-3970 4110
-2936 -3615
4047 -2592
2378 1165
-3696 897
-2200 941
987 -390
-34 -5172
1819 -4314
4755 3361
434 5878
-3738 1567
59 -1200
2486 -2201
-933 -3462
-2011 -570
-628 5735
-506 6916
2218 1155
4022 -3864
-2718 -3101
-8376 523
-3552 2760
917 3098
-276 1445
1890 -3012
3655 -6993
-2513 -6218
-4475 -2956
4128 -916
7314 -211
208 -3384
-2385 -10461
2938 -10818
5366 -1209
951 3657
-4047 -1499
-1801 -2889
5352 2729
3651 4665
-6891 3429
-7009 5064
4345 4873
6689 612
-525 -973
-1788 987
140 2538
-3705 3944
-8452 4533
-8605 3486
-2433 4146
8842 4551
11220 394
-569 -1126
-4973 4539
3754 5778
2241 -810
-7241 -2000
-1913 3230
6719 3365
1061 -148
-1816 -916
5000 -3226
3967 -7479
576 -6552
5880 -2957
2448 -3630
-10251 -5675
-6421 -5187
5293 -4645
-457 -4686
-7143 -2609
3582 2389
9110 8162
-2521 9695
-9115 4966
-2364 215
3214 -1289
1820 -4916
-973 -9308
67 -6707
3603 -805
104 1257
-9449 3722
-8324 7558
2871 5365
4971 1232
-276 3502
1335 3828
3094 -4506
-2123 -8948
-3325 -2906
-104 2459
-3708 2529
-7781 2559
-1617 1056
5996 -2884
5819 -1469
3461 5392
3379 6971
1900 1479
-2480 -2150
-4605 -956
266 -508
6005 -4208
2710 -8071
-3362 -5432
-163 2977
4821 7591
941 4169
-2943 158
-269 79
1498 -697
2377 -2257
4998 650
1516 3581
-3918 -1416
3350 -6977
12858 -1929
5620 5610
-6885 2559
-8388 -3515
-6873 -320
-7326 3465
-3389 -3160
-923 -8416
-4502 -115
-2077 8687
6193 4516
4627 -817
-2855 3920
-1580 6258
1702 -2471
-2548 -8105
-3850 -2778
2848 1048
4671 -1384
-993 -984
-1765 1259
3759 -674
5594 -20
1667 5622
-3437 4038
-7172 -4778
-6218 -6160
-291 -779
1958 378
-3117 -330
-5665 308
-988 -2988
3267 -4799
4497 3039
5252 8900
1866 3717
-4210 176
-2854 2611
3286 -729
3019 -6122
210 -2606
1385 460
-73 -4380
-3167 -4633
2108 1596
8538 535
5344 -5068
2441 -2787
5234 2821
1114 4219
-7817 5484
-5706 6013
2422 796
2322 -3727
-1011 -922
774 2858
3062 1734
2215 -2174
-423 -5806
-4770 -4672
-7207 2899
-4529 7062
-2659 1852
-4581 -1560
-2926 2479
3218 3131
3696 -905
-3935 845
-8487 4202
-2144 -258
7053 -3373
7244 2730
1924 5955
1489 -82
2610 -4788
-288 -4662
453 -4750
4457 -2816
-1872 1105
-12104 -145
-6562 -3206
7034 65
9215 3708
4595 2037
1611 1980
-4428 3228
-7639 -2035
870 -7266
6824 -3506
-1117 1019
-7094 -429
-1478 -1415
2261 -952
-1387 -3396
-2380 -4561
1600 -1514
3195 1139
-90 3069
-2563 4610
2293 749
9984 -4741
6696 -2206
-7348 3378
-13383 2765
-4543 1007
3743 2552
1831 1841
-1801 -660
189 123
4012 1318
4653 1329
2535 4013
964 6026
2197 2529
4664 -709
3386 179
-3480 -309
-8656 -2264
-3855 195
5162 4479
5324 3477
-1273 -2021
-1788 -6309
3298 -6484
4630 -3333
2363 -177
-1507 -175
-8738 -2288
-10716 -2149
349 1530
8436 3739
-890 1128
-10637 -661
-4139 2231
5268 2287
3919 -3673
-733 -5664
-1346 -1037
909 607
5102 -1322
5752 -728
-2165 -658
-8543 -1878
-4038 2140
1711 5952
949 -338
971 -7688
3230 -3777
1288 5628
-905 10597
1725 8268
1903 -418
-3409 -6592
-5971 -3639
-4195 -2264
-3336 -7446
-1760 -4160
2622 7253
5096 6608
4885 -3043
6120 -2973
6675 1425
2344 -571
-3435 497
-5229 6586
-3014 4541
-438 -2743
-1381 -2158
-5146 2527
-5363 1952
-569 -1190
1961 -1568
-301 29
-954 -21
2936 -2278
7517 -1391
8856 3503
5256 3463
43 -1584
192 -1293
4014 964
2727 -2684
-1823 -2767
-1354 3530
1227 1083
82 -6806
-1036 -3058
-39 3443
-630 -1400
-1527 -5503
-1385 -1370
-4538 169
-8648 28
-6590 3696
-2208 3222
-1630 724
-591 6475
2247 9407
666 196
-3355 -4803
-2606 -735
1021 -2977
2172 -7512
213 -1710
-3327 3555
-3646 -887
2528 -4162
6505 -2350
470 -552
-6153 2576
-3957 3278
748 -2673
2384 -2069
4260 9338
6228 10944
5396 -706
2279 -4666
-3096 -949
-7043 -4529
-1884 -8042
6552 -1453
4470 3952
-2304 1860
625 639
7515 1120
7759 -282
5800 -891
3509 -2421
-3782 -6704
-8774 -4805
-4085 3592
525 3812
-1303 -3225
-1286 -427
1953 9495
1397 7988
-703 -2658
259 -4294
-122 2796
-4538 2669
-8416 -4699
-8282 -3258
-4081 7736
1206 10296
2333 566
403 -5174
2075 -2200
5726 -1517
4429 -2893
607 1294
818 4183
3715 -2001
4525 -7708
1801 -4430
-2419 432
-3301 -679
-362 -4835
-1038 -5980
-6158 -1997
-6054 1931
-430 -410
1114 -3051
-145 2541
2089 7517
2795 1805
-760 -3906
-849 -591
1473 2343
-1842 2948
-5621 9277
-3184 12194
-1866 2140
-3817 -4436
-28 1370
5946 1253
3113 -6894
-2483 -3703
-1098 5412
1024 2421
-945 -3168
-244 -905
3680 -2801
5489 -7480
7336 -544
8920 6492
3127 -854
-4574 -6370
-1352 -273
5984 1243
3036 -3339
-2463 -489
2097 3862
6512 569
-174 -1439
-6350 790
-3690 -359
-3974 -1792
-9822 208
-6297 -242
5172 -1299
5991 1570
-1716 351
-276 -5927
4930 -4485
-2335 3082
-11210 3728
-3274 157
9389 1076
7259 3139
-571 2370
712 814
2302 -556
-5122 -560
-10310 1311
-5660 2393
-1117 3622
-1061 5108
1228 104
3060 -7235
-2519 -3408
-7471 3572
-3081 -2105
1831 -7690
-68 933
-719 7789
2972 2871
2780 -641
-927 -1346
-72 -6213
3985 -5719
5231 2992
4045 5253
2417 1054
1330 1345
2683 1497
3945 -2158
737 -765
-2653 3812
-300 2868
3284 253
2016 -1101
-1599 -4405
-3048 -3594
-1584 3364
1115 3549
2086 -3437
764 -3603
-84 -134
144 -3835
866 -6670
2530 -923
930 3513
-6161 1392
-8000 167
453 1743
4941 1321
1004 -1376
2778 -3076
7150 -1847
-1684 1579
-12054 3872
-4768 2405
6172 -2020
3055 -5160
-2123 -2153
109 3742
-1871 2838
-8569 -2189
-5771 768
3983 6974
5320 3501
-1530 -2019
-4057 1674
-38 4436
2143 -876
-49 -2084
-1246 3808
-605 3918
-1736 -2779
-2583 -4767
-1003 -409
-1513 2097
-2873 52
1465 -1393
4916 -136
-967 -1043
-4990 -3229
1840 1530
7186 8275
5073 4188
5385 -3023
6442 -1109
69 -1542
-5257 -9764
-1766 -8154
1323 1015
-1040 -2165
-2493 -6715
-1228 3958
1269 9515
5360 -1649
7325 -5552
5623 2194
5577 1403
5321 -2694
-2207 2507
-11041 3925
-10587 -1965
-4062 1383
432 8346
2863 1778
5779 -7200
7412 -2782
3228 4172
-5852 1603
-8848 -3184
-1493 -2575
1284 -150
-8059 -35
-12218 -324
-2125 1037
5747 947
2163 -1648
-2207 -926
-1366 2457
1035 -209
3305 -5222
3102 -2070
-1307 2298
-3995 -1526
-1015 -3695
1991 1967
1038 4539
-755 1157
-409 66
1985 1716
4221 3884
3852 7151
1757 6849
-365 2380
-2644 1363
-3070 801
-801 -6099
-283 -9052
-778 -600
3172 6468
6083 4954
1751 1959
-343 -1149
3404 -4136
151 -1111
-8465 2756
-6404 -1641
2032 -6257
2716 -3347
762 -1846
2839 -5558
2429 -6275
260 -2997
2326 -537
2700 716
-1459 108
-1407 -1624
2447 343
2323 3642
119 1588
-2438 -1945
-8075 -998
-8956 699
741 477
6931 468
1144 -771
-2537 -2650
1794 -205
1438 3488
-3940 2182
-1255 994
6074 5063
4188 6786
-3143 1586
-3773 -1610
-1073 2519
-3132 5677
-4956 1261
-1502 -4490
831 -4212
-824 -934
-803 472
821 1660
456 2731
1233 564
3670 -1497
2577 329
812 985
3384 -520
4121 2359
301 5044
356 -1147
3705 -6597
2006 -1555
-1083 1381
-255 -6221
-1187 -9471
-4072 52
-2379 8827
186 6768
-817 -376
-795 -4727
-1838 -4207
-8083 -1400
-8729 -823
1046 -2695
5749 -2479
1086 769
1085 2594
5061 932
1232 -599
-4729 861
-2294 1940
2655 -1122
2111 -4992
-1126 -4907
-1912 -1598
1589 2559
6349 4514
5355 491
-1312 -4220
-5210 -401
-3199 5291
2181 2684
9066 1133
10675 6893
2380 5529
-3456 -4015
2692 -3404
6303 3942
-2458 698
-8020 -5085
-3560 -413
-4638 3898
-12176 260
-9102 -2323
1666 -2400
2471 -3469
-3700 -853
-2859 4025
2490 3745
3909 1007
2538 -1301
368 -5560
-1581 -4525
1364 5493
6401 8935
4031 909
-2059 -1613
-1663 3055
325 735
-2849 -3904
-3320 -115
1526 2572
1721 -2615
-1938 -4152
-544 895
1747 1522
-447 -2371
236 -2019
5339 723
5191 -375
-481 -1949
-3154 409
-1969 1432
-713 -3128
25 -6043
204 -1856
20 964
-41 -4131
-1093 -7726
-1539 -1379
1160 6743
2194 5708
-1818 -2035
-3680 -5546
-732 548
169 8576
219 7058
4329 -1413
5273 -3560
-824 2670
-2748 6892
2998 4745
5645 1170
2527 124
-143 1125
-2268 1440
-4751 -329
-3539 -2367
869 -3633
2129 -4260
-2134 -1896
-7213 2441
-6749 2936
-1154 1695
2024 4380
768 4397
1223 -2777
3811 -5274
3299 630
354 1618
-2246 -4020
-3566 -6172
716 -6190
9041 -6595
8956 -1371
-157 4431
-3350 802
1198 -3258
2124 2146
-1010 6220
-3814 494
-8316 -5294
-10246 -2150
-2954 6141
5417 8844
5036 362
-198 -8282
-5024 -4181
-7405 3676
-2436 3271
7000 2869
9523 5991
5328 904
3406 -7275
2722 -2608
-1382 6363
-5330 4110
-4746 -2199
-227 -2691
4105 -644
2208 1666
-4070 2868
-3939 -414
2560 -2712
3319 367
-2301 -366
-4338 -6947
-2017 -6874
-108 1291
1457 6391
2067 5091
362 716
-134 -3076
3062 -2467
6774 -2235
6465 -8098
219 -8427
-5990 4298
-2384 11735
6163 4319
5295 -411
-1668 2525
-2319 -942
-1185 -6672
-3998 -1457
-1754 5571
4684 2051
2236 -4651
-4892 -5735
-5054 -2867
-4737 1241
-8967 3777
-6766 2878
2022 2603
2782 4081
-4612 2262
-5894 -480
2586 2086
10111 4460
7367 -102
-678 -4637
-502 -2110
7049 2472
6186 3614
-3595 2491
-5999 234
171 -2978
2707 -4000
1988 -218
2978 4910
459 4803
-5246 -1232
-4209 -6389
1897 -6815
1952 -6475
-2934 -6553
-3304 -2052
519 4906
1453 4186
-342 -3862
498 -6743
2347 -991
-705 3588
-4930 2899
-1960 2485
4285 2799
5280 -115
4129 -2771
4584 -890
1869 710
-1932 -271
740 2408
4127 7194
197 4408
-3546 -2538
-1038 -1630
98 3803
-4301 2257
-9500 -3116
-11274 -2789
-5588 285
5815 -1240
9839 -4500
2735 -2452
-1332 3848
1860 6661
1265 3027
-2841 -823
-1951 -449
633 -707
-494 -3687
-2806 -2469
-4908 2478
-4248 482
3599 -6594
10145 -4431
4897 5506
-1872 6930
771 -857
3064 -2935
-359 2998
210 4995
3864 91
1883 -2697
-1618 -49
-2398 1590
-4458 -831
-3819 -2393
2906 -1022
4524 -1753
-733 -5215
787 -4156
5394 1735
-700 2776
-7442 -2168
-2486 -3200
163 269
-7123 -210
-7569 -2222
1163 1447
1348 4387
-5124 139
-2147 -1703
4701 4326
1817 7081
-2334 1907
3892 -2704
10057 -5086
4680 -7147
-2111 -2428
1128 6961
5679 7113
747 828
-5980 1951
-3566 3142
3381 -6018
5974 -9220
4563 3121
1218 8349
-3689 -2285
-4522 -4216
1003 7547
2132 7554
-6453 -5414
-11531 -6628
-4902 2962
2934 2743
5701 -4242
8493 -3792
8141 -1423
-321 -4078
-5569 -3592
-405 854
1341 265
-5797 -722
-6524 5383
2192 7648
5726 -1120
2161 -5860
435 2317
-329 9599
-2106 5263
-1193 -3983
-1347 -8084
-6082 -3495
-6125 4595
419 4880
1042 -3763
-2592 -7421
2824 -841
9822 3294
3942 -651
-3745 -1573
487 4151
4559 4070
-1530 -5310
-5458 -8732
-1477 214
225 5627
-651 -1013
2120 -4904
1739 1860
-4847 6740
-4679 4991
3326 4653
3711 3831
-1878 -747
699 -256
4776 3557
-1237 -2431
-5273 -10395
1782 -5164
5605 1436
1933 -3122
4817 -5346
10181 -57
2601 -1734
-7463 -7846
-3087 -4220
3848 2708
-1290 2867
-7031 3063
-2990 6385
1038 7210
-137 7436
1663 8103
6538 4340
4786 667
-4380 1684
-11127 -1598
-8967 -8839
-1310 -5636
3651 3498
2384 1477
-493 -5541
-166 -3621
926 -900
-1054 -5692
-3466 -7527
-2954 -2248
-2579 -130
-3778 -1921
-797 1115
5597 7421
4749 9440
-1790 7588
81 4915
6796 450
2007 -3714
-7309 -1910
-2879 3435
6653 3294
4083 -1755
-2173 -2348
-29 1072
2499 -1405
-408 -9519
-1655 -11756
355 -4068
2364 4549
5533 4880
6591 -1907
363 -7037
-6036 -5636
-4280 -1362
91 2198
505 5359
-141 6612
565 5308
744 5209
-308 4815
-2003 -976
-2862 -5437
-1403 -501
23 3663
-705 -2092
-595 -5775
1106 634
956 4928
93 1020
664 -1105
-789 2091
-3746 3765
-2224 1310
1750 -2336
2226 -3364
1320 -52
624 2693
-2400 616
-2077 -709
5872 1499
8126 285
-3085 -3091
-9720 384
48 5774
8346 2796
1479 -2839
-6051 -3405
-1335 -4063
5381 -6271
3227 -3441
-1875 1150
-1718 -980
842 -5708
-982 -4443
-6590 489
-8179 1802
-2757 -1120
1127 -2547
-1879 933
-2054 4141
5937 1173
8721 -2761
11 266
-4933 6412
414 8245
2343 6364
-3114 2477
-4922 -3217
-903 -5128
3977 -333
8193 2823
6323 -605
-2613 -3271
-3972 -1079
5651 905
7634 1220
-10 2620
1131 3485
7847 2654
3401 3825
-5275 6032
-6650 2414
-8257 -5644
-10344 -7274
-2146 -177
7431 3871
4137 -1590
-1598 -6548
618 -2534
-2 2530
-5598 -123
-2396 -5097
6031 -5301
2828 -2878
-7215 -198
-6529 2564
2273 1118
4529 -4608
176 -5228
-2129 739
-2022 2332
-1690 -1894
1016 -1537
4449 3396
4219 4142
2820 2556
2821 4252
-331 3657
-6154 -2977
-6799 -5734
-2864 394
-947 3745
529 -2674
4305 -7269
6448 -676
6280 7728
5946 7024
2073 1966
-4620 1065
-5140 2465
738 1373
2873 -873
-1258 -1032
-4940 1148
-4040 3122
-411 1860
1388 -784
72 313
-852 2681
-1786 -529
-5734 -5857
-7342 -6013
-2727 -4507
214 -5162
194 -3096
4986 592
8446 -772
2538 -1986
-1027 3495
2939 7023
1630 3159
-1992 1195
3227 3792
5146 3493
-2126 1048
456 243
9924 -2268
3634 -5611
-6508 -4795
681 -3194
6567 -3576
-3912 -960
-8060 2468
2964 -616
7266 -5543
-1199 -4431
-8752 198
-10674 4292
-7992 5892
-2035 2501
469 467
-605 6814
2160 9229
5244 -2423
2069 -10540
-797 -2968
1320 2598
2263 -2418
442 -1782
-1307 6193
-4236 5215
-5784 -3159
-1261 -5191
3690 -2398
2632 -1995
306 -1646
481 311
-706 1044
-3313 1968
-2681 4674
627 4724
1731 395
-19 -1885
306 1794
4653 5200
6714 2215
2753 -2459
178 -2281
3222 -734
3923 -2131
-969 -1807
-3314 2076
-239 2668
2918 -747
4420 -946
4608 1920
1836 1634
-1879 -2019
-3272 -5204
-4489 -5420
-6548 -1711
-5299 1761
-1310 -942
-1527 -5922
-6607 -4638
-8038 818
-1634 2582
5030 848
4337 1301
148 5187
-720 7347
484 3248
1384 -2198
4022 -1020
6316 2344
3251 -943
-1524 -5768
-939 -4488
2598 -1897
2137 -418
-2685 4141
-6033 5243
-3279 -3053
2510 -7213
3683 359
364 4094
94 -1536
3733 -1723
5230 4172
2621 2572
-1488 -3285
-3516 -2480
-1503 220
-786 -1170
-5707 -487
-6871 4375
1001 6394
3173 3222
-6242 -1855
-9458 -5881
-1310 -4883
1319 1671
-3452 6323
-1581 5235
4880 4342
5023 5330
3141 2261
6736 -3059
9779 -2426
4942 2175
-2765 2693
-3818 -466
1224 -3481
2859 -6024
-1435 -5102
-3783 560
-1012 2835
2129 -979
3673 -1534
4016 1012
2629 -2998
2106 -8156
2875 -4267
-204 -66
-5066 -3804
-4558 -5689
-2630 -1626
-4598 -179
-4459 -1018
-1419 718
-2402 1932
-3006 3163
1700 7096
1606 6838
-5574 1760
-6399 1695
-346 2255
903 -5050
-746 -7537
2219 2048
5444 6652
3446 2007
-784 3294
-2351 8121
288 4463
3273 -1131
2257 -1072
1009 -606
2421 -1409
509 -3055
-3111 -7662
1375 -7645
8421 1504
6065 6339
168 2604
-1412 2140
-3864 1897
-6387 -5177
-2522 -6174
1661 1250
659 38
878 -5277
2542 335
552 5353
259 1486
4083 2258
2610 3079
-4259 -7862
-5365 -10073
-246 6574
1721 10769
-2177 -5398
-6005 -9280
-4029 2708
735 4916
450 76
-2478 3151
-439 4986
1409 -852
-2763 -3209
-3705 -1054
2230 -1380
3999 479
851 6760
2088 7252
4903 -471
3451 -5711
2366 -3456
2925 -127
144 -1298
-4002 -4299
-4667 -4306
-2219 -2281
1534 -1130
3488 934
1484 4571
374 5034
2487 1129
1556 -2169
-2448 -2911
-2890 -3828
-1683 -6355
-2389 -8058
-1215 -4236
958 4601
-654 8850
-2900 3697
-3356 -2299
-4237 -2953
-1152 -1346
7091 2285
8952 7141
1755 5345
-3025 -1338
-2904 -962
-2427 3233
644 236
4772 -2152
3940 5260
1989 10311
2699 4474
725 -784
-2698 162
-1761 -218
-1259 -1894
-4107 56
-3142 1777
853 327
355 171
-2025 732
-1175 -3141
489 -7520
1016 -4753
977 672
600 -1283
1207 -7323
539 -5775
-3644 1863
-3019 2944
4856 -4050
5369 -8395
-2071 -5800
61 -1096
6687 2359
206 4471
-8173 6299
-4922 8414
-5001 6680
-11618 -1785
-4617 -8696
10697 -6449
10822 -1599
2107 -323
1561 1647
1560 3975
-4572 1532
-5401 -603
904 2494
3084 2854
529 -2313
656 -2889
3955 2291
6645 3372
6232 535
2708 1488
-102 4205
-400 1426
-1942 -5358
-4535 -7208
-3052 86
46 8593
-1859 8212
-4754 2994
-1155 3145
4035 5151
2291 1160
-3221 -3249
-4975 -2748
-2663 -3462
913 -4906
3597 450
2122 5377
-2234 -1021
-2822 -9164
-141 -7024
-862 -1297
-2368 1357
1757 4576
5736 5277
1777 -1208
-5088 -5364
-7281 -830
-4645 2135
738 -1687
5316 -4830
4777 -5508
1845 -5502
1582 -42
1344 7903
-1761 5636
-4248 -4639
-4134 -7756
-1923 -2703
2655 397
5124 647
893 1863
-3593 2740
-938 2989
4732 4353
6872 5094
4063 4153
-1094 3433
-771 2104
6370 -1059
5990 -3133
-5550 -3024
-7651 -3337
5688 -3162
11261 119
346 3424
-7801 2236
-4321 -1616
-1334 -3258
-4787 -2202
-6659 -1705
-2320 -1586
1126 2428
-1429 8433
-1480 6969
5199 -2225
4823 -5971
-5360 633
-5108 5784
6440 2119
5254 -2607
-6942 -1298
-7023 2224
1039 2137
649 -205
-2507 711
-1220 4192
-1011 1873
-322 -7423
3231 -11107
2067 -2764
-1331 4859
2319 1177
5676 -4262
1291 -757
-1726 3522
-532 -2049
-1876 -8953
-2409 -4443
589 3854
-163 1567
-3201 -4806
-1800 -816
-52 7167
1570 5223
9145 -918
13649 377
5007 4031
-3684 1725
-1250 -2157
1994 -2159
-46 -616
-1492 -90
-2934 -669
-5417 -2338
-3112 -3247
1180 -1137
-312 3060
-3190 6349
-2521 5609
-3193 627
-3489 -2804
3072 -540
8021 2472
1318 2299
-6447 2040
-2824 834
4302 -4153
4223 -5687
1112 800
294 4030
-1609 -2469
-4762 -7712
-3341 -4837
1775 528
2839 5204
-2052 7545
-6538 2965
-4606 -3084
2287 50
5220 5627
-774 566
-6635 -8021
-2754 -6675
4393 -336
5501 769
3924 -509
2723 1187
-1974 3545
-6170 4383
-2030 4798
4598 3395
4084 -2525
-137 -10015
-957 -10956
1182 -2410
3066 7165
2520 9186
-86 7507
-13 7877
4098 4589
5663 -5480
1586 -10381
-2453 -3863
-2675 756
-1795 -4600
-1606 -8054
325 -3035
4122 -315
3452 -3130
-3744 -513
-7347 6480
-3437 3708
-4136 -6305
-9769 -6468
-4112 2494
7239 4893
3481 1222
-5600 3738
4 9399
6658 7453
282 1507
-2326 -230
4570 -550
3450 -3022
-3552 -3858
-1913 -1794
715 -387
-3603 -361
-3128 -205
4674 199
7106 642
2569 815
-1098 1020
-1669 2476
911 2600
5134 -2510
5239 -8004
51 -6549
-4638 -2109
-4745 -861
-1518 755
-217 4504
-2866 4514
-2338 948
3029 30
2311 1495
-3226 1886
349 1599
5932 568
-1988 -2021
-9467 -4211
-377 -4156
7817 -812
752 5280
-5539 7370
-1419 1970
1808 -983
848 2838
2340 1381
4875 -6312
4188 -4739
1177 4415
-2659 4236
-5570 -3101
-4916 -3947
-929 -687
3478 -1472
4661 -3938
1144 -4248
-2784 -2666
-3230 -146
-2323 460
-335 -1265
3888 -558
4634 2158
584 1829
374 472
2498 1141
-1695 246
-5149 -1976
-961 -764
-504 2106
-5988 3057
-4108 2806
1739 816
717 -1610
1360 70
7181 2165
4231 -649
-3660 -1905
-501 554
3593 -1743
-5277 -3675
-10872 4997
-813 10999
6998 2449
1567 -3686
-2626 2354
1823 3670
3998 -4089
-116 -5069
-1471 1598
3271 3131
7017 -1248
4968 -3676
-603 -1320
-4989 1991
-3474 -356
3365 -6609
6323 -5773
1355 1837
-2632 3717
-2273 -230
-4268 44
-5250 3675
452 4305
1498 1728
-6422 -2789
-5828 -5611
4865 -1505
5177 3712
-3865 940
-3395 -3556
4213 -1170
5265 2392
219 1605
-4948 -134
-6137 -1762
-1298 -3862
2051 -3881
-760 -2411
-271 -1012
3838 1869
1344 2784
-526 -1978
5512 -4517
4352 -183
-5074 1442
-2978 -1449
4855 1722
1008 8067
-2773 4466
1592 -5015
-928 -5575
-5779 2348
722 6239
2637 2987
-7115 1675
-5563 5802
5251 5847
2868 -1773
-919 -4777
9035 1160
11890 2462
343 -4359
-2281 -6159
4170 -1332
1039 127
-5497 133
-3266 4583
11 6530
-1073 -95
-1760 -8259
-2670 -9713
-4688 -3828
-3936 4783
-1207 9168
527 6303
1498 534
1235 -3190
1586 -3660
5854 -1751
8110 -338
1942 -707
-4920 531
-4201 3112
-413 974
794 -4335
-852 -3878
-4583 1323
-6776 1400
-4945 -3799
-3879 -4058
-5600 2935
-5226 5840
-2891 -2224
-1040 -9706
4077 -4095
10546 5578
8642 4378
1040 -2288
447 -2303
5791 180
5137 -2107
-2310 -3985
-5642 -1130
280 1896
7191 3132
5679 4968
94 6153
440 4500
3900 2113
2145 1230
-1289 303
-146 -2194
943 -3652
-2453 -1231
-5229 2146
-3350 2169
-44 568
1210 332
1090 -53
1434 -1434
1529 -2628
-542 -3968
-3732 -3334
-5877 1751
-6673 4918
-4385 1517
957 658
1873 6261
-3101 6768
-2069 -258
6278 -3265
7168 -1282
372 -1658
-605 -2141
1450 163
-1583 816
-1938 -680
1765 -1922
-2018 -3902
-7315 -3730
-673 1065
6450 2997
1130 -492
-4331 -448
-2015 2918
-1880 1147
-3694 -2394
-308 -2049
1252 -3382
-2564 -8013
-1040 -9405
5422 -7766
5479 -5722
2011 -335
3302 5991
4825 5900
2731 920
1526 -2044
683 -374
-2186 4654
-1899 7521
2478 4121
2973 1194
-1487 3923
-3444 4124
-269 -600
4774 380
7550 6885
4675 7732
-885 3611
-2181 1689
-1289 1252
-4262 1335
-6183 2133
-1984 -487
261 -4263
-3551 -1967
-4468 447
-1177 -5351
-2444 -10497
-6164 -6815
-3763 -1625
1302 1014
1784 4371
-115 4488
51 -1243
3158 -5124
7711 -4715
7735 -5188
427 -5312
-4604 -2490
-1100 19
719 2639
-5477 7057
-9446 6786
-5156 131
-189 -2817
1067 50
1992 -171
3418 -2485
3402 1299
2277 6948
1624 5043
2285 -1099
3614 -3067
4190 -2464
4363 -4878
4419 -7646
2201 -5453
-2499 -1430
-6747 -536
-8560 1574
-5663 8343
1756 10784
4843 3890
45 -357
-210 4858
6989 6879
5684 -1230
-3274 -6260
-1410 -307
5380 4595
-456 -832
-6462 -7030
2363 -3084
9088 4309
2414 2342
-2288 -5219
-1111 -4923
-4228 1229
-6039 1575
-1073 -1185
-514 151
-4739 -1468
-2474 -8049
640 -5775
-3778 4663
-5928 5411
-1444 -1915
176 -1592
-647 2078
1011 -807
-558 -1411
-4700 4910
-2166 6784
2474 3422
1005 4080
1020 5226
6594 1713
7441 185
1958 608
-670 -5068
267 -11086
734 -6652
1025 2430
207 5809
-1177 4447
1531 1327
4948 -3735
1400 -7765
-4046 -7634
-3261 -3973
-713 2202
-1112 7506
-899 5845
439 -1752
913 -6444
2740 -4034
4748 1204
2684 3342
-320 444
-309 -3101
-579 -1658
-1764 2663
-35 3913
2902 2438
3823 1094
3942 -1202
2383 -4039
-2276 -3553
-5686 240
-5331 3245
-3895 3314
-1383 919
1491 -2382
-309 -3752
-5024 -205
-5560 7837
-3428 13224
-2626 8237
-454 -2254
2216 -6304
1128 -4775
283 -5335
2172 -3751
2 3008
-4673 3917
-1922 -2227
3919 -1697
1366 3160
-4816 -765
-3698 -5319
2225 1462
5242 7120
5135 1399
5283 -2984
5859 568
4055 1838
-280 -1684
-2284 -4467
-124 -7025
2081 -7612
3441 -1361
4827 4789
1519 1803
-5836 -4152
-6873 -5336
-997 -4379
1694 -1470
590 4759
192 5547
-1608 -2233
-2849 -4497
651 3700
1821 7672
-2382 3145
-2456 2308
-550 6058
-5078 5108
-4684 1629
6500 908
7640 -1228
-4895 -4627
-6026 -2143
4910 3548
5505 3799
-912 -709
147 -4479
1455 -4816
-1848 -1183
-812 1000
1592 -3812
-941 -7268
-390 -1145
3310 3450
-456 -1111
-6114 -1242
-4301 6754
-2945 5933
-4582 -3763
535 -3417
7725 5191
5994 4997
1472 -828
962 -168
-301 1418
-2041 -2920
-1370 -4076
-2677 1852
-4417 2344
-1089 -6621
622 -9793
-2788 616
-964 10108
4644 6733
1559 -148
-4269 621
-1830 4056
264 2571
-2524 -1814
1863 -5178
10944 -5969
8407 -3712
-1485 -2017
-2503 -2989
2406 -1225
2078 2754
157 -427
3526 -6606
6395 -1523
2712 9119
-159 8947
3651 2699
3226 2873
-7565 4205
-11145 281
1461 -1895
8151 -804
-2167 -3532
-8544 -6665
-3702 -2552
-4119 2418
-7425 -584
-1436 -5412
1509 -3145
-6708 1798
-7676 1554
2560 -1000
5461 436
1031 3910
2100 4420
4289 1695
1519 -2547
-377 -4933
-828 98
-2576 8732
-1916 7244
-528 -4155
-2625 -8513
-1950 -2339
3067 1292
3464 896
1422 3606
4423 4002
5767 -1757
1573 -2280
707 4188
2402 3618
-916 -2664
-3909 -301
-1890 5656
-1340 2066
-2256 -2685
713 1436
4236 2373
5731 -6798
7349 -10855
5286 -4135
-1522 -1005
-4732 -4489
-2968 -2827
-1414 3262
1018 3682
1610 -125
-5408 -1652
-8794 -1409
1865 -438
9047 1486
-1427 1486
-11260 161
-5557 2285
2350 5695
2302 4355
2198 -423
4090 -3870
981 -3951
-3234 -353
1226 2986
8519 1354
5026 -952
-4604 745
-5555 995
-1798 -1251
-5263 1394
-8173 5186
-1509 2102
2451 184
-2890 4686
-4822 3076
-1499 -5955
-2401 -7250
-2336 -2152
4261 -2045
6716 -747
2513 5977
2414 4688
5276 -4477
3733 -4295
1800 3270
2672 2830
2173 -2554
827 -2892
1470 -1195
2725 -332
3193 1351
1116 -921
-3234 -7217
-3078 -6494
1259 665
-149 902
-4287 -4270
-1746 -2755
-133 2827
-4511 4640
-3173 6065
1773 7409
-2769 2715
-6939 -1601
618 3169
5039 7510
-486 3106
-627 -708
5691 -456
5629 -3709
211 -6149
-2668 -1627
-286 -43
5857 -3632
5407 23
-5052 6057
-7208 716
3448 -5141
4449 658
-4799 4010
-3564 -2930
1170 -6062
-4465 -1898
-5980 -22
1733 -778
2205 -2413
-1202 -4828
1624 -450
-747 7929
-7993 4179
-3586 -5613
3885 -1858
288 5781
-1027 704
5339 -3623
4544 2600
-231 4031
1585 -939
1042 1864
-3660 5970
-955 -731
3509 -6834
1377 -1484
2298 4540
5908 1732
245 -2911
-6411 -934
-2861 3960
-957 2597
-6712 -2944
-6314 -2006
2753 2657
8150 -449
6985 -6407
4977 -4134
4831 1298
6342 2702
6206 2084
1346 -1339
-4258 -5342
-5193 -1072
-2164 5571
1308 3238
1393 1478
-3736 5919
-8775 1369
-7646 -8478
-3507 -3382
-2994 5857
-6063 200
-6515 -5216
-98 997
7160 1740
6255 -4959
2536 -3711
5479 790
6964 -753
-1384 -1555
-7862 -650
-4713 -2055
-1309 695
-741 5370
632 1217
-965 -3597
-3544 869
69 3694
2582 767
-645 1475
1940 1617
6640 -2765
-1646 -119
-9205 6258
1432 1283
11247 -5490
4754 -594
-429 4223
2989 3223
1641 7224
-1790 10490
2488 1858
7525 -7224
8090 -6642
7531 -3618
1978 -679
-8482 1813
-11907 -4062
-6601 -11959
-1963 -6513
555 2937
1458 -414
-2822 -6507
-7478 -2349
-5552 2570
-2262 924
-2941 -213
-3268 326
-757 -1761
2619 -2146
6076 3145
6286 7458
55 4586
-6757 -615
-6048 903
1221 8195
7844 9479
7978 773
2488 -5655
-566 -2490
2078 287
2063 -3100
-4434 -3315
-7226 2417
-1337 3312
2570 -2271
-766 -2571
-448 4153
7626 5848
9364 -600
-1258 -4611
-8913 -1775
-5279 908
-2250 -307
-4277 -2075
-1200 -2439
5370 -1725
4521 -99
400 749
1833 -41
4069 -318
3092 231
3303 21
3161 138
-935 582
-3376 -881
-1400 -1359
-1383 2424
-4687 4730
-5809 1228
-2588 -1923
2856 -955
5752 -365
2579 -2293
-1187 -5335
590 -8598
2207 -8584
-1268 -3393
-3611 1824
-2412 3717
-2354 4057
-2455 2343
-1405 -280
-3201 587
-5145 1744
-1778 -358
1516 1773
294 7492
-56 3505
1038 -4472
58 1514
792 11696
3357 6558
1146 -3128
-1564 -1142
2563 3933
5356 3820
150 3777
-4285 2882
-3731 -1490
-2793 -3267
1263 -2828
9616 -5257
11513 -5132
4096 -1191
-598 -2884
2188 -5872
4596 744
2242 5860
-1728 -2454
-3764 -9805
-3451 -4922
-2821 177
-1727 -744
2132 135
5243 1646
2129 -1700
-2377 -4203
-1259 -1636
791 634
-2027 781
-5797 1191
-7283 333
-7951 -1059
-6302 1242
-2405 4495
-1694 3863
-3883 3318
-3090 5805
-668 5248
-990 545
-1157 -621
1790 1720
5244 454
7510 -2359
7240 -797
2281 1052
-1980 -1297
1060 -2727
3448 -509
-3628 711
-8949 406
-1022 1591
8181 2228
5182 68
-1221 -2981
683 -5923
5351 -7318
3833 -3782
-1041 2227
-1794 5011
2611 5552
6368 4798
4565 -1090
-80 -7135
-1637 -3103
403 4499
2635 1347
3039 -7245
1100 -5790
-1793 3212
-4014 5004
-7638 -1601
-11399 -3449
-6099 3540
6705 7016
8731 1558
-3849 -52
-11044 6395
-5137 6372
-684 -1102
-2985 237
-3130 6854
124 1760
2539 -7601
4580 -5726
4702 -922
1268 -2398
-389 -2144
739 -78
-1022 -4510
-1960 -8624
4029 -4804
7934 -1967
1874 -3688
-4539 -1102
-3631 4729
-661 5623
877 3219
-54 658
-6310 -3574
-9897 -5617
35 -1910
11582 1075
7408 -31
-2405 1148
-1563 4993
2795 4335
2012 768
2698 1862
4562 4660
133 1041
-3725 -4821
306 -2466
2303 5200
-2586 6564
-3856 1562
221 -774
1566 1052
1661 2734
3683 3323
2432 2529
-1824 147
-2986 -576
-2660 750
-2927 185
-163 -1213
2784 -938
848 -2851
-362 -6779
2295 -5397
1311 -348
-3352 172
-3844 -1675
-1846 -636
-2130 -499
-1810 -3179
-259 -3514
-146 -747
385 1046
251 642
-4012 -925
-5667 -1148
-58 2279
2732 5333
-162 2417
2001 -3675
6759 -6314
2983 -2988
-2507 3853
307 6714
3333 2058
334 -1415
-993 439
1376 -1643
1056 -6443
-1602 -2442
-1652 3313
1801 -497
5588 -2316
4162 4067
-2812 3085
-6165 -4258
-2460 -572
-658 6847
-3273 2253
-2617 -3774
991 -529
958 1505
-1112 -1904
-316 -2391
3398 658
7993 3934
8728 7215
1662 6418
-5468 917
-2305 -1339
4696 942
2515 1630
-5632 143
-7686 -2093
-3708 -4311
-2545 -1995
-4495 2834
-1965 1322
4360 -2331
4861 1395
-365 5229
-288 1612
4416 -979
1555 351
-5684 -1859
-2690 -4904
5189 -4055
1110 -6007
-8021 -10733
-4219 -7370
4441 3024
913 8455
-4114 5016
4690 -1920
12073 -4516
2257 329
-7196 4207
-256 683
6322 -1683
-1531 1171
-9224 -316
-5122 -4883
975 -1664
1595 3878
1315 1779
2039 -876
1099 1743
-240 2049
1859 -1914
6643 -4093
6934 -3634
-1403 -786
-9226 4869
-6345 7027
274 2109
570 -2220
1344 -1269
8233 212
8647 -59
-3866 175
-13429 931
-8146 1397
2140 2704
5489 5354
3849 6751
2799 3529
1101 -1430
-3127 -1016
-5711 3056
-3492 3509
-1356 2759
-3149 3659
-3476 -1507
1654 -10282
6524 -6691
5966 5752
2384 6972
-379 -2031
-487 -5711
1972 -4666
3909 -6286
3396 -6903
2176 -2517
92 2485
-3576 1356
-4477 -6862
-996 -11169
706 -2553
-1517 5543
-3032 -523
-2882 -6004
-2453 1930
-588 7764
1137 2543
755 -610
1406 1328
2576 1084
2 2106
-1311 4404
4084 198
7645 -3968
3214 -108
-1637 686
-3913 -5963
-7634 -6256
-8230 909
-1935 3781
2427 3823
-2 6576
-3020 7035
-3923 3318
-3107 593
2188 334
7922 1492
5373 1751
-1075 -1796
-345 -3508
4834 2201
4350 5368
-899 -840
-2835 -4993
-70 -2185
2540 -927
2537 239
1311 6023
-60 8125
-1017 3445
200 432
3528 -408
5152 -1515
2399 793
-2834 1046
-6377 -7546
-5177 -12652
-1042 -6261
311 -1886
-1804 -3474
-2125 -517
-604 2514
-1967 -1935
-4674 -3826
-4006 153
-952 -117
1491 -1826
2003 991
-573 -486
-3744 -5407
-2688 -13
1004 8848
2542 4715
2312 -4183
2006 -3574
1820 756
3248 1520
4712 2291
2223 3939
-1125 4200
-825 3409
-253 364
-387 -4031
2864 -4182
5099 -609
811 1549
-2117 3491
1703 6059
2920 4875
-2961 1632
-6948 1513
-3642 1322
1596 -2212
1491 -4567
-3481 -3746
-3180 -2241
6328 401
11692 3507
5188 3194
-720 347
-246 -836
-3494 -265
-9057 -307
-6203 -2042
-479 -3188
-1847 1043
-4283 7374
-1500 4370
668 -6188
-1474 -9128
-3571 -3113
-2172 717
1073 1812
1702 3182
-637 -140
317 -6146
5773 -6074
7528 -2071
2296 966
-3895 4802
-5454 4540
-432 -3851
6862 -6744
6649 2855
-263 8639
-2615 3683
-1641 658
-4892 1404
-4223 -968
6005 -1822
11293 230
4473 -2523
-2563 -4846
-4177 1353
-3915 4204
-1195 -4812
1885 -11252
1038 -5905
211 972
1119 2361
-564 1782
-455 1995
4709 3445
3923 4830
-4673 4044
-7019 3795
-2966 5972
-3782 5586
-5682 2638
-1585 2394
2126 422
1868 -6094
2401 -5346
3318 3906
2221 4994
763 -1995
-1039 -1917
-2540 1188
-923 -2200
808 -2624
-646 2698
-991 1006
220 -3831
-2071 -473
-4380 275
-1166 -7907
2783 -7638
3541 1992
4320 771
5124 -7549
4058 -5517
2452 -1295
-62 -5271
-2641 -5074
-1123 2387
722 3842
-3294 2714
-5959 8341
-1627 9621
-287 662
-4532 -3438
-2579 1022
4309 2420
3905 2037
-370 5025
1625 3946
6254 -871
7254 1316
5963 5645
1965 1247
-4982 -4540
-8120 -3558
-5065 -2316
-3045 -2218
-4578 2095
-4627 4021
-2497 -2872
-655 -8225
2503 -4259
6553 1120
6135 2254
1111 2733
-2786 3767
-3937 3174
-3373 259
-29 -4296
3495 -6228
2514 -1176
-207 5433
-630 4724
-1389 -1337
-1966 -5115
1790 -4098
5006 862
2330 5268
139 1366
1629 -7978
737 -9206
-1372 -1674
-64 1195
420 -1817
-1015 -228
253 3769
573 478
-1868 -4761
426 -871
3543 7158
-1899 7992
-6564 3799
-2653 2223
-523 1089
-448 -3244
4605 -5065
3010 -614
-6858 2962
-3193 1491
8666 1823
2932 6588
-7292 7279
620 679
7258 -4135
-1581 -1345
-4646 2990
1225 2165
-1383 -1761
-4414 -2954
2782 -170
4698 2504
-2793 1689
-3619 -1298
1062 -3578
167 -4638
-1646 -5050
627 -4647
1747 -3735
280 -3065
-1129 -1998
-1606 495
-249 3112
777 3236
-589 1258
-166 591
2055 1528
1423 286
2161 -2559
5242 -1672
240 1007
-7852 -2150
-2927 -7549
6522 -4430
5516 3589
3564 4242
5484 -368
-166 -903
-5882 -260
996 -3139
5083 -2664
-3092 4233
-5467 7947
1349 3981
1994 -294
-1173 50
-717 2668
-3970 4246
-9909 2446
-8339 -1193
-2599 -229
2131 6036
7437 8758
5825 4137
-4896 -586
-7192 -438
2402 993
5282 58
1412 -2679
4457 -6008
6001 -9011
-3766 -8866
-10299 -2528
-5677 6548
-2201 8589
-1731 1313
3317 -4560
6416 -2943
1662 -1680
-998 -4621
2355 -3973
3198 1486
1537 2462
2529 -2491
1216 -4625
-4501 -1191
-4953 1555
2194 256
7405 -1149
6640 64
2411 -274
-2955 -4285
-3193 -5338
3769 -501
5561 3117
-3152 3940
-7374 6871
-1384 6419
879 -2406
-2653 -6461
-410 1558
4135 6324
857 1270
-4298 -539
-3567 2035
-1610 -1532
-1842 -6289
-1565 -2539
-506 3628
548 4303
1374 2357
343 2645
-783 5722
1266 5914
2907 -2634
232 -10398
-2936 -4130
-2589 5838
744 4001
4162 -936
2332 391
-3937 -96
-3896 -1284
3074 5052
3783 7635
-1571 -2255
-1156 -8452
1247 -2420
-2624 3175
-4159 2991
1657 503
3348 -4856
-1735 -7664
-2099 -2528
3628 1268
5060 -1053
-477 -2029
-4285 -3635
-267 -7577
4624 -2012
191 7737
-8556 2075
-7899 -6977
1959 1625
8936 9092
7296 -2172
1125 -8908
-1776 755
1365 4879
2542 -270
-2397 1665
-3221 5330
3086 -290
5199 -4530
2892 -26
4270 3861
3614 3362
-3431 2015
-7347 -1561
-6427 -6222
-5391 -5579
331 -87
7072 3654
2550 3530
-4923 2559
-2392 3394
251 5645
-2586 7178
-1592 6398
-2090 1704
-9357 -6046
-7216 -9318
4658 -3616
5314 2075
-933 -47
1558 -2947
1824 -115
-5904 3183
-4259 2103
5971 -1897
7498 -5460
2987 -3826
2025 2459
2207 4261
2907 -150
3994 -2185
852 -1686
-2051 -3658
310 -3147
1283 2054
740 3583
3389 1230
1181 1524
-5038 1057
-196 -2254
7345 -1326
-73 1741
-7808 -451
-1004 -1657
4098 2997
-917 3814
-5968 -1595
-11016 -3726
-12717 -2118
-602 -1637
10037 -511
2041 113
-4598 -3092
3903 -4470
6799 -784
-1094 1237
-1853 512
2036 1180
-615 78
-2975 -3283
-1128 -2292
-1304 400
-1965 -1262
-62 -20
2518 8133
6709 10758
9373 3145
4995 -2243
681 219
1531 3289
-1427 3625
-7485 3921
-6754 4885
-3850 5145
-3470 3381
761 -59
3832 -2335
-335 -2484
1200 -2936
8600 -4926
3376 -7861
-6240 -9460
-171 -5804
7180 -217
425 -2148
-3065 -7128
3359 -2098
3030 5139
-1893 -842
1215 -8257
3977 -643
-2155 8749
-9046 5995
-11635 2932
-9958 6341
-2084 5596
4974 778
2581 51
-1575 -452
1499 -2561
5896 1226
5793 6315
3185 2271
-1893 -3581
-8439 -1894
-9616 -751
-4009 -4537
44 -2920
-1772 4427
-2741 3764
2079 -5444
5915 -7931
3677 -705
3367 1698
8848 -5046
9431 -6342
2205 2596
-1464 6433
362 27
666 -3128
1116 -808
2241 -3024
-1848 -5646
-5217 -673
615 3810
4853 3315
-1059 6040
-4717 9269
-475 5045
359 1655
-3286 4262
-1820 1843
2943 -4496
3044 -1402
-681 5708
-2972 4453
-2272 1412
-895 2600
-232 -757
2341 -8674
5259 -9378
1087 -2752
-5745 961
-2481 -1145
3824 -3292
-2641 -172
-12383 4785
-8512 2581
573 -4344
1286 -3710
-1676 2384
-1127 1064
2538 -5179
6589 -5690
4368 -3108
-4426 -3008
-5591 -1923
3683 1237
6740 2807
1728 3308
1503 3695
1702 1917
-3574 -1297
-884 -3413
9199 -3069
6360 1316
-4085 6959
-1117 6781
5563 1236
-650 -2934
-6432 -4351
-1955 -3101
-1401 2863
-6458 8361
-3880 6485
1900 1809
1024 380
711 -251
4025 -787
1470 391
-3687 -569
173 -3768
7435 -3080
6447 -1208
1322 -4463
253 -6780
529 -2247
-2202 2150
-4252 2212
-542 2509
5332 2570
4295 -51
-2525 -280
-2749 3315
4944 3120
6809 -1862
-312 -3078
-5694 1364
-8120 3898
-12491 975
-12324 -2706
-3580 -2874
2515 -737
50 754
-2360 454
-617 -1361
279 -2926
-1242 -2155
-1935 -985
1301 -3104
8238 -5589
12377 -2538
8698 3237
2654 4576
585 2978
955 3767
1226 3907
370 -942
-1673 -3834
-611 2654
2761 9195
-770 3125
-6860 -7214
-1783 -5983
5156 1356
-1283 989
-7241 -2687
-727 -1768
1517 -2200
-5308 -4687
-4488 -467
889 5393
-1525 2852
-2517 200
2375 5049
1265 7098
-2166 2339
1610 -266
3329 -1284
887 -5205
6159 -5764
12454 -1563
8106 68
3443 1543
3013 6390
-3621 5282
-9030 -3118
-1964 -5440
2831 -597
-3859 742
-6463 -412
-1888 349
-3175 -1731
-6842 -4834
-2964 -1141
3061 3006
5711 -640
6528 -2531
2705 2843
-4753 2279
-5867 -6317
-71 -5946
1927 3852
-2477 4742
-5590 -3398
-1998 -4625
5510 519
7851 1253
411 -221
-7915 1187
-6941 1747
-662 995
1703 2813
42 4973
-920 4587
-405 2777
-113 -620
346 -2406
2696 1996
5566 4021
4863 -3889
436 -7950
-3082 -591
-3264 952
-1831 -6973
-773 -5058
-303 6071
1043 8243
2918 3103
1727 768
-478 -651
3865 -52
10046 4223
5421 2210
-3792 -5391
-2136 -4469
3912 615
700 -2347
-4589 -4517
-2762 1278
-1069 3951
-2999 1117
-1997 96
676 -1550
311 -3575
327 -68
1810 1884
486 -3209
-1523 -4920
-241 -2288
1129 -3993
894 -3130
1959 4369
1419 4632
-5424 -1364
-11709 1893
-6959 8260
4002 4529
6570 -2040
-7 -4149
-2112 -4201
3552 -77
5379 4043
-494 -1023
-5118 -4281
-4065 5114
-806 10577
968 3687
-2130 611
-8132 1558
-7349 -4946
1038 -8188
4945 -1763
1526 -1677
8 -5730
2041 2802
2997 11518
3163 3743
2478 -4266
238 -225
916 1493
4757 -2878
5301 -2277
3452 270
3976 -754
3481 1673
-10 5656
-1896 1035
-2064 -5146
-1247 -1807
3916 1795
7763 -3549
1724 -7631
-5437 -3897
-3441 -1693
-907 -4022
-4564 -2959
-6663 1853
-5318 5705
-5032 9265
-2274 9095
3554 68
4381 -6904
452 -1052
-2006 4466
-4337 -422
-5998 -1600
-1222 3626
5637 -1764
6087 -11333
3225 -4547
1172 6198
-2942 978
-5871 -4666
-1173 3630
5235 7677
4011 -1259
-1716 -5264
-3391 918
1 4859
2217 4349
-1166 3421
-5133 481
-2483 -2028
2457 -81
1957 1064
264 -1811
2602 -2174
3348 1077
213 1185
-592 -1046
1158 -230
1344 -196
546 -5765
-2005 -9459
-5368 -3840
-305 3671
10783 4055
9612 1986
-2482 4214
-4936 7444
-97 7062
-3545 3047
-6176 -3469
2270 -7171
6182 -2296
-538 4201
-1914 1692
1587 -5266
-2278 -7383
-5526 -5628
-821 -2024
-220 2504
-4449 1437
-1002 -3823
4356 -1765
1202 4090
-2128 768
-1202 -4649
-3469 -212
-4445 4228
2429 -96
6764 -2534
3379 1843
2036 4588
3498 4456
1889 4835
1247 2529
2753 -1833
319 -2101
-2966 -166
-2749 -1497
-4281 -3112
-5223 -726
2146 2643
8334 3412
2796 3243
-3154 3546
-314 1378
1811 -3408
-773 -3823
-1017 1596
186 2557
-874 -3771
-333 -5945
1365 -1530
-1623 -821
-5737 -4000
-3524 -3719
1337 -1808
822 -289
-3755 3824
-5153 5879
-1571 2108
1871 829
1832 2695
529 -2007
-723 -7060
-2782 -874
-3122 5820
131 2670
3209 1747
4634 7186
6331 5006
4866 -3122
-959 -2583
-1766 2385
4805 810
6882 -1964
1708 -2347
-366 -7112
1302 -10443
-318 -1737
-2126 6299
419 -1042
1615 -8654
-2140 -1500
-5484 4779
-4360 -1640
-97 -5537
2851 -506
-125 737
-4936 -525
-1998 4743
4266 7512
286 2928
-9561 3666
-8929 7265
1395 560
8193 -5067
7735 2227
2824 5028
-3794 -3347
-5614 -2137
-1380 8133
251 4974
-933 -6792
3213 -6212
7737 2474
4653 3694
1766 -2465
2079 -7296
-4766 -4622
-12710 3117
-6001 3900
5152 -3588
4242 -4306
394 2774
1531 2062
-1348 -4553
-4520 -2422
1825 4180
5585 2620
-1735 -3238
-4907 -3956
820 -175
2784 3183
1335 3418
2211 1152
67 43
-3587 920
-1672 66
-159 -2861
-1542 -2496
3088 3904
8342 9444
3159 4162
-2913 -7661
-1341 -9918
-915 -2324
-2566 -551
-469 -4012
-100 -468
-1066 3340
3567 -2617
2709 -6468
-9060 -154
-9564 3830
4527 556
6796 -766
-1318 1819
2660 4642
8168 6438
-1280 4324
-7404 409
944 1378
4063 2835
-3665 -505
-5747 -635
212 2036
4380 -3270
4283 -7582
119 1868
-6115 9881
-6963 3871
-1302 -2335
4016 -2527
5946 -3937
3196 -1741
-4575 4311
-7618 455
1679 -7616
11560 -3646
9147 2727
875 337
-2921 311
-2905 2745
-1402 -3618
1122 -7300
577 1659
-3923 5287
-5823 -2233
-3400 -2885
-2636 2429
-3768 127
-1792 -2179
720 3135
-776 4988
-1368 852
2262 -267
3142 -303
-479 -2715
-618 -2424
3045 -1367
3431 -4912
1129 -7474
508 -4911
1777 -1636
5085 1780
7352 4676
2074 2115
-5075 -420
-2537 4841
2623 8074
-2007 2496
-8286 952
-5755 5913
-1003 3747
934 -2003
3418 14
4180 322
1725 -6551
1645 -5078
2992 4440
1507 3848
1343 -2020
2494 1779
-1902 5127
-6730 -1542
-3197 -4670
1030 -282
-2167 -1065
-4951 -4250
-956 385
3739 4369
2683 -776
-3384 -4889
-7934 -419
-5183 4770
1243 3093
4693 -2462
5697 -4013
3941 -193
-3194 822
-8191 -3427
-3111 -3802
5142 850
8966 1756
9100 552
4117 2192
-3263 541
-3549 -3696
-707 -220
-3272 5655
-1370 3194
7927 -893
6240 -2375
-4553 -7767
-3303 -9592
2033 -290
-5344 4071
-8434 -2595
4143 -1235
9118 8762
-1090 8533
-5352 768
-1180 -2232
-2226 -3934
-5151 -4398
-3110 1572
-1488 4827
-2338 161
-2565 -1652
-2155 210
753 -742
5117 1164
3305 5112
-1151 764
3260 -3475
10039 2771
6162 5600
-1150 -810
-1313 -1025
-98 4026
-1265 2582
1317 1911
5516 5470
2964 1359
-3566 -4848
-5054 -459
-1376 1828
-22 -7891
-3807 -12807
-5816 -5267
-315 726
5382 576
2260 1626
-2744 3956
1223 2312
7881 -3925
5415 -7063
-1842 597
-3214 8448
-1151 638
-3177 -10244
-5875 -4019
-2833 6534
1674 3700
550 -1517
-3764 -521
-5161 -2027
-3419 -3791
-1582 -47
-1154 -40
-1224 -3988
1028 -519
5032 3849
5196 507
1772 1953
2016 10406
4441 8172
1125 -2903
-3740 -5082
-1666 -743
2289 115
2223 1529
3292 4783
5833 3789
3700 1149
734 1066
1446 309
-1374 -536
-7640 1732
-6224 3086
-909 620
-3904 -2193
-8241 -3568
-3361 -3442
2090 -3229
1470 -7933
1879 -13531
2068 -7479
-3144 4830
-3197 5918
7095 475
11673 2719
4937 5177
1399 -229
2814 -1779
-1278 4192
-6128 5608
-3189 2202
605 1638
-599 436
-2177 -3040
-2524 -1701
-2013 2614
965 2390
1551 366
-2630 740
-1937 440
3379 -975
143 -705
-5792 -374
1133 -1820
8834 -3914
539 -5957
-7668 -4955
838 2089
10351 8383
6250 5758
-804 301
-1323 584
-697 1176
-2950 -3193
-4937 -4519
-3924 659
-1883 1934
-3005 -3774
-5780 -5440
-4209 -85
649 2743
4091 330
6799 -2098
6130 -3799
-1788 -4221
-5880 -455
2021 2056
5700 -1964
-3105 -2355
-5270 6267
3948 8549
4926 -136
-2714 -1324
-3008 6739
243 4814
-1861 -3922
-2280 -1276
478 4703
-1215 187
-2790 -1552
1921 6720
5658 6154
4628 -5214
3826 -6097
2882 1804
312 -1
-858 -5343
-2035 -333
-4286 4949
-1599 -380
4934 -7093
6350 -7084
3609 -3397
2156 1472
-444 4614
-2787 2156
1243 -1874
5269 -2063
753 -654
-4134 1105
-2227 3936
-2355 2684
-7575 -2978
-7683 -3320
-2656 1846
-2400 2809
-3899 1256
1138 2692
4972 326
-1394 -7103
-7206 -7433
-1732 -786
4885 1058
2661 1117
-792 6743
4 8091
-557 -1171
-1482 -7853
2235 -4742
4091 -1391
-526 -2003
-2366 -1426
943 483
-981 668
-6794 -656
-4222 -2451
4445 -1981
6882 2275
3961 3741
4904 -52
8132 2136
4875 11618
-3399 10826
-5400 -1672
1294 -4532
5561 4287
1994 4691
-1285 -3347
567 -3402
2774 859
2222 -2285
-855 -4361
-5098 2856
-4544 6848
1754 202
2850 -4648
-3407 -1680
-4467 -785
-203 -4227
-1984 -2720
-5164 2844
-1108 1341
791 -6123
-3802 -6633
-2320 766
4476 3378
2716 -1657
-3364 -3840
-1416 -141
3851 1454
4890 -1521
3992 -3442
668 -1282
-4986 2771
-4409 3938
1954 -902
2179 -5879
-2890 -2194
-2722 5366
274 5227
-1210 57
-4167 160
-5191 3961
-5019 3926
-990 264
5343 -2413
5167 -975
-74 4026
-198 5647
2872 -416
1373 -5917
-713 -3735
1706 -141
4545 -101
6088 684
7640 2283
5554 670
744 -1380
148 -1049
928 -869
-2826 836
-4661 5922
-1382 6040
-1922 -2750
-5288 -7986
-2325 -1846
1697 4934
363 3138
1200 -1584
3131 -2861
-3597 -2886
-9439 -3773
-2742 -3398
3066 -1424
-708 85
-840 1617
2897 3848
-1499 3682
-4717 779
3698 587
8174 2917
26 931
-5538 -3012
-3284 -633
-2238 3121
-1719 -674
782 -4502
695 61
947 2793
5696 -4319
6675 -8857
594 -1076
-3553 7422
-4192 3973
-4533 -4574
488 -4635
9266 2577
9328 5898
1011 4013
-3547 3150
-2336 1285
-137 -4130
1989 -4491
1146 1622
-4477 418
-7808 -9047
-3577 -10841
3005 -3317
5102 1953
1027 4163
-4759 5017
-3828 699
3128 -1602
4028 5768
-2881 9340
-5355 928
-1042 -2050
1160 6583
472 7937
733 -2293
238 -7371
-274 -3185
1976 220
2325 -1105
-2045 -4686
-4595 -5874
-2513 -749
333 5392
3107 5421
4264 3615
658 3998
-2226 2051
435 -1041
377 -712
-5055 -1666
-3414 -4747
7062 -2224
12317 1758
8187 -1168
1927 -2151
-2972 4326
-3197 5138
2813 -2090
5202 -4655
-1449 -4127
-5804 -6278
-2560 -1542
-335 8419
308 4774
3702 -8673
3037 -10006
-3465 -1365
-4610 1731
-1401 1528
-6030 2742
-13541 87
-9912 -3176
945 -241
5638 1877
1618 -880
-4218 518
-4232 5265
2051 3015
5079 -2193
546 -1206
-1871 960
1722 -391
2144 387
-1094 3015
1131 1786
6227 102
5634 1915
2502 2995
2058 3740
846 7836
-2145 7733
-2607 -1810
-1050 -7784
164 -2036
2961 2240
6182 -2670
4982 -5214
2180 -828
4429 -36
7334 -4351
1942 -3909
-6993 901
-7773 577
-2687 -4372
-2621 -4438
-5751 2350
-2707 7396
2827 4221
746 -2728
-4866 -4636
-3200 -621
2548 2626
1595 1961
-4425 57
-5288 -1567
-308 -2755
2251 -1388
137 2091
-1513 2927
-1085 360
-1487 -1160
-2640 -1236
-1740 -2429
1777 -1946
5689 2022
5851 2341
410 -4507
-4018 -9024
-364 -4421
5536 2661
4894 5211
1622 3818
1468 572
521 -1244
-2424 1757
-1487 5298
2688 4190
3356 2907
-162 3661
-2657 578
-654 -2651
2655 2371
334 5992
-4685 -2132
-1491 -8196
5267 -1189
904 5491
-7848 3904
-4704 3190
2738 3250
384 -2266
-4685 -6201
-3408 -3293
-670 -2100
323 -5443
1174 -6397
673 -3176
481 2032
3135 5601
4218 429
1237 -10002
-2210 -10182
-4642 600
-3956 7011
2191 5140
6799 1669
4916 -1936
3976 -3302
4758 933
266 4303
-2936 2206
1221 1429
1192 3538
-5447 2832
-6011 1616
-3081 2905
-5130 1496
-4422 -2630
-515 -3477
-3643 -2295
-3694 -1930
8867 -298
12798 1291
-970 1338
-6262 4045
4172 7422
6543 3104
-2512 -6578
-5009 -11356
-33 -7746
1836 634
-203 6178
-1966 2842
-698 -3008
3078 -1997
3457 2099
-1145 4430
-4014 7320
-2498 5662
460 -4379
2800 -9313
1524 -3051
-1944 670
-478 -662
1818 2070
-3093 3494
-4162 -144
5456 1715
6418 5568
-6918 -436
-11411 -6108
-2126 -2472
3638 -2414
4834 -7261
6705 -4610
2284 -819
-5352 -3754
-5096 -2260
-2553 4115
-3951 3358
-1390 893
4708 2962
5450 181
2968 -4167
731 1035
-3206 5768
-3771 3077
1690 5400
3942 9538
908 2686
135 -2662
1280 3043
1751 2858
4010 -5586
5234 -5738
2371 -2318
677 -5154
895 -3116
-1180 4477
-2067 3237
-276 -431
-1811 4106
-4501 3683
-2952 -6154
-2321 -7630
-4047 997
-1273 4841
2682 2317
1147 -1629
-512 -5126
436 -1566
-1622 5693
-4483 867
-3542 -9396
-2542 -3915
-1154 7165
4319 2334
6875 -5998
1705 -1505
-1959 2440
224 -1027
1194 1998
-108 7836
1235 1848
3931 -5582
3557 -1994
-27 -223
-2772 -5773
-973 -4072
2200 2960
594 570
-3146 -4350
-2493 -671
876 1495
2274 -2567
774 -753
-3162 5656
-5667 5180
-2938 2615
-118 4253
-921 2695
188 -983
1617 2823
-2731 7150
-3653 1117
5348 -6893
9452 -6493
2987 -1561
752 2321
4036 3549
1616 1587
-2597 48
-2400 413
-3221 -1930
-3971 -4331
129 -132
2270 4210
-395 1929
-345 941
2057 4650
2712 5070
3390 2029
1231 -691
-4051 -6590
-1521 -12510
5432 -9671
680 -2982
-7239 -591
-2383 700
1481 954
-5448 -2883
-4008 -2720
8285 3748
9673 3448
1004 -3497
-2664 -2447
-5172 3991
-8098 2714
-1453 -3349
5983 -5203
-32 -2854
-6580 1696
-905 5750
3580 4861
-870 1596
-2345 1787
1540 4298
1542 5723
-1605 4149
-2889 -1510
-4089 -4904
-4462 302
-782 5177
2064 1331
61 -2289
398 -209
6187 420
7492 353
1418 3724
-387 3004
5116 -3172
6558 -4085
1734 -638
282 -442
2360 911
446 3863
-3458 -1057
-3638 -8365
-2066 -5092
-1146 1452
230 -394
736 -3917
227 -2161
2157 -114
4164 653
581 3161
-4813 4469
-5405 1675
-4295 -1725
-5114 -2843
-3562 -3021
999 -3974
2397 -5314
1236 -5208
2909 -3320
3427 -991
-1779 2226
-2921 6235
6252 7178
10405 3934
-319 958
-7957 548
-616 1560
3323 3158
-6838 3004
-11970 339
-2751 -116
2983 2444
-2314 2688
-5157 1686
-2034 3160
-2057 2150
-3393 -2987
2183 -3625
10323 1219
10437 2745
2819 -811
-2285 -5177
845 -7203
6110 -3577
5503 1539
1393 -890
441 -3545
1177 4993
-419 10263
-987 -1721
2305 -10931
4031 -1323
1087 7597
-1155 1365
-1030 -6575
-3661 -7737
-6828 -7097
-3405 -3800
217 2152
-6400 3776
-13057 2442
-4975 3548
6502 2301
3892 -2977
-3821 -3161
-1210 1863
6042 1938
8033 -2091
6528 -1519
2957 2248
-2500 3230
-3327 2941
1468 3687
2377 2917
-3038 1084
-6103 1986
-2541 3546
2549 1326
2712 -1354
-2116 -99
-4383 1139
-292 -228
2350 239
-1234 882
-2906 -4187
1871 -7593
5371 74
3198 8263
1090 5012
3575 -186
6998 1556
4715 1364
-2411 -3990
-4956 -4758
-526 -907
1059 189
-3653 566
-6827 714
-5514 -5746
-1936 -12093
3701 -6141
6348 2128
2012 -1520
-226 -5202
2911 3453
-1160 9625
-10807 2008
-8528 -5203
1694 -3118
2406 -1463
-1332 -3296
1870 -2685
3608 -1034
-2155 19
-5322 3372
-2342 5008
27 2404
1301 3721
4279 7635
6276 3345
3816 -1994
-2515 2365
-6956 3768
-3116 -3798
4330 -2317
4783 7483
1146 5052
2598 -2798
4794 326
1771 1192
621 -6964
4516 -3589
5227 9351
1819 7001
822 -5015
471 -5466
-2584 -207
-3212 713
-397 4167
-2016 8814
-7994 5413
-7895 -1220
-99 -4078
4014 -6815
-1129 -10809
-6599 -11962
-4022 -7859
1994 887
2992 6631
-775 2429
-3615 -2440
-3240 690
-1430 1475
-39 -3813
1298 -2537
3896 2619
5652 -652
2088 -3583
-4629 1874
-5695 2246
224 -3760
3126 -17
-1495 8197
-3738 3680
3448 -5930
10155 -4832
6556 2337
1431 4396
4947 910
7738 -2440
146 -1549
-6512 1036
-2083 556
2412 93
-1974 2523
-5790 2830
-2499 2660
1194 7751
1164 8985
-1177 182
-5838 -3828
-8302 1591
-2367 940
4300 -4352
329 -356
-6364 5215
-2983 1413
2961 -2452
1028 -1045
-541 -640
4138 -367
4850 -152
46 -4228
230 -4369
2653 3312
372 3193
2288 -5131
9859 -2908
7303 3987
-3027 -2304
-3357 -10550
491 -7141
-4079 -3166
-5180 -3007
2881 917
3537 2879
-3193 511
-1639 5229
4020 11121
4060 3434
2783 -6636
-1282 -5319
-10081 -2534
-9206 -2626
1950 2930
2905 7113
-4391 306
-2948 -6075
-1431 -3351
-9503 207
-11256 2172
-1624 6375
4242 6535
5034 -1169
6500 -5921
3128 -128
-2685 7667
-1315 5936
1647 -3368
-878 -7879
-2515 -4114
-238 -1252
3023 -1036
6896 3445
6880 7589
2608 3933
5160 487
10244 1797
1173 -1339
-10249 -5896
-2673 -1149
9310 2828
6794 -4062
2435 -7219
4221 84
883 2672
-4624 -170
-2205 3555
1541 6552
1057 429
-598 -1796
-6161 4536
-12611 5256
-8793 133
-930 831
-1508 2782
-2841 -1913
1052 -4586
-509 150
-6757 2356
-5586 -2262
217 -6267
2548 -7075
2401 -7788
-626 -6719
-4831 -2118
-1899 1060
3981 242
1509 776
-2198 4200
2558 3818
6900 -814
5706 -1287
6012 2304
4993 1113
-1980 -3443
-4770 -2468
117 2230
842 3425
-3879 1967
-4050 143
788 -2853
6244 -3374
10753 919
8451 3381
-1354 1177
-4985 548
2024 2198
4320 2084
-3349 3085
-6996 6243
-2590 4804
-323 -280
-268 -828
3380 1113
3616 -229
-4755 -844
-9395 1478
-2965 1076
2221 -1485
-1521 -992
-5205 -19
-3586 -1836
-1651 -3687
-618 -5599
2482 -8071
6258 -4850
6799 4499
2609 8424
-2716 2548
-2503 -3445
1827 -3520
624 -1986
-5608 -2600
-6425 -3700
-2326 -2547
-1298 767
-1288 3579
1839 4494
4059 4137
3846 2887
3990 2521
3337 4022
2351 2138
4322 -3874
5036 -2764
252 5531
-2949 3746
-26 -6863
2191 -6607
142 -361
-1972 -4879
-1496 -7739
1184 2045
1831 4190
-5074 -4590
-12371 228
-7193 11614
3381 3428
4115 -9232
970 -3178
3930 4284
3576 164
-4501 460
-6379 3941
326 -2924
1859 -7022
-2451 1709
-1894 5102
2414 -1923
2164 -3257
-2213 782
-4126 1426
-627 3499
3954 6468
3544 2360
724 -1858
2401 1634
5620 3473
4195 -1066
2660 -3032
5057 -536
4220 563
-2270 95
-5363 354
-2623 1231
-1645 1596
-4151 -966
-5385 -4877
-4474 -4237
-2318 -1067
2371 -771
7645 2223
8011 9954
2333 8689
-4542 -4443
-7591 -11358
-5445 -6134
-881 -3052
1647 -5631
788 -3028
-936 4162
-1264 4547
337 -1251
2708 -1729
1882 3908
-2912 5019
-3505 427
3961 -816
7446 549
-907 -2356
-7701 -4710
-2019 -1417
5488 75
5162 -1164
2946 3642
1854 9101
-2399 5367
-6131 1835
-3654 5251
-160 2906
-671 -6686
-1098 -8309
817 -3412
2099 -4102
2205 -5321
1517 -632
-1055 1126
-3045 -2156
-1014 -578
2556 5008
3796 5626
2939 2293
401 20
-3523 -1897
-4773 -2838
-1211 322
1766 4600
237 4151
-1336 446
620 -1159
2590 -859
1978 -519
883 2267
500 5727
930 2403
2836 -4342
3534 -3155
145 2050
-3230 -313
-3313 -5149
-4320 -3472
-5761 -628
-1503 -340
3222 839
-823 -796
-6049 -5233
-2030 -1584
4457 6082
5387 2298
3803 -5954
1032 -3233
-2044 3051
887 2641
5840 1169
1903 999
-3886 -51
-591 2440
1477 5730
-4207 1421
-3510 -3915
3965 -2318
889 -504
-8405 183
-5848 5054
2942 6048
3916 -1868
2023 -6337
3091 -3903
1429 -3101
-1683 -1158
227 3726
1451 1397
-4020 -4386
-6724 -296
542 5006
6831 -1939
2769 -10323
-2246 -7285
71 779
674 4527
-4295 2592
-1616 -1664
9030 -1882
9142 1999
-836 2290
-2849 -87
154 1997
-3320 5212
-3562 4598
2403 4055
-2713 3217
-12881 -1529
-4695 -2774
9456 4321
5378 8395
-1462 2965
5899 -2564
8334 -3695
-1927 -5855
-4355 -7667
700 -3454
-3168 2920
-6660 4898
1194 4482
4703 4146
-1860 536
-1378 -4663
6125 -4179
4862 -576
-1529 -1812
-1069 -3041
1824 2262
357 4144
-2960 -3959
-6755 -8439
-9299 -1803
-4882 3608
3442 1856
4714 491
-1329 407
-4236 -1711
318 -1515
5879 1884
5265 950
697 -4146
248 -3900
3191 2746
1054 4837
-5007 -2528
-6225 -7562
-2648 -781
266 5463
1422 -764
1050 -5965
1175 655
4659 4052
4909 -2473
-3140 -4209
-5882 -171
4779 347
12070 4106
7373 11383
3336 7674
1242 214
-5427 3722
-6480 4121
273 -4787
-2385 -1675
-10530 8777
-4737 2494
4474 -6876
-74 -349
-4064 3105
1885 -4104
1501 -2492
-5012 2744
-1449 -2419
5091 -2452
1509 6655
-3261 2937
-2293 -8903
-2065 -7536
-2097 -2371
-346 -6531
-1960 -7632
-3153 -1366
2139 -236
4053 -4015
-2692 -3972
-5419 -481
-561 3557
2137 6036
3637 3812
8823 -80
10899 476
6176 4587
1675 7014
346 4059
-927 -2091
-2727 -2728
-3048 2063
374 101
5313 -6760
3899 -3062
-2864 6860
-3080 6440
2570 -80
936 -765
-6818 472
-8784 -666
-4717 174
-288 1645
3455 -257
3448 -2359
-1527 -1801
-4502 129
-3623 2059
-5036 1326
-6877 -2863
-2781 -6659
3104 -8744
3826 -8456
1531 -1322
574 7356
797 4528
1420 -3828
3190 -1007
5733 6612
5506 3166
380 -3482
-3340 1221
886 9840
5852 9036
2726 2933
-1025 1951
2470 4169
4745 2076
215 -1457
-2412 -434
-348 -924
-497 -7676
-1877 -9294
-579 -420
-1734 5521
-6458 2771
-6423 -412
-2115 -2116
-1558 -1687
-1165 4367
4602 5071
5585 -6820
-4318 -11425
-9787 -1471
-1583 -771
5769 -10110
2652 -5150
-1369 6075
-1276 1799
-1375 -5025
461 -1081
4363 -388
1670 -3981
-4388 1805
-908 8475
6871 3969
5509 -1119
553 1098
1351 3628
2192 2985
-231 10
-165 -3381
1291 -1197
45 4241
-1266 3759
-2513 1709
-5536 4413
-4555 2717
2592 -4673
6600 -3935
3346 3359
-487 3619
-959 -312
-63 788
-432 3771
-2685 3192
-2596 -464
2093 -3015
3628 826
-1046 5931
-1421 429
4047 -8779
2374 -5406
-6902 2758
-10396 -140
-5882 -5836
-1362 -2112
309 3112
122 599
-32 -5229
2371 -6904
4842 -2748
4056 1526
2803 68
1219 -2303
-3771 -160
-6160 669
-631 -1870
4343 -1767
3638 -1794
3393 -4337
2841 -199
-1918 7361
-3049 4204
2449 -783
3391 6082
-1435 9396
-1016 -1124
3279 -5762
1834 1750
-3373 3987
-4982 1071
-2214 4564
2334 7764
5290 4298
3643 1985
-537 1068
-2366 -3310
-246 -4878
3134 -1562
1966 -2248
-5328 -6371
-8872 -6332
-1366 -4491
6724 -4741
4279 -3950
-2251 -1763
-3489 -287
-822 1698
1913 2218
2187 -1613
-1814 -3730
-4725 194
-1152 2568
1502 216
-2943 1713
-5725 7549
-1950 6906
-297 -142
-2759 -2139
-1820 1478
1872 1578
3955 -956
6689 486
8284 2605
3794 1468
-65 3174
2333 7802
1252 4289
-5111 -5642
-3728 -6616
1232 714
-5326 1352
-12098 -4122
-2941 -3876
6815 -28
4780 -1099
6300 -3308
11629 -202
3394 4412
-6164 4316
1293 -716
5258 -6201
-7457 -6328
-9527 -1129
5198 1274
6307 -2411
-6396 -4756
-5997 -2331
2182 -872
-532 -1502
-3171 33
5176 1712
9592 221
2411 -92
-3266 2626
-2186 2353
-3404 -721
-7979 1548
-5237 7843
5280 7376
7741 -24
-2009 -1931
-5920 5136
1094 8280
1436 -409
-5161 -8941
-1678 -4645
5381 4330
714 3966
-4695 -2122
-1060 -2772
-1058 731
-5980 461
-2674 -4330
4565 -7660
5244 -4171
3413 3641
1756 6691
-1347 3343
-826 1113
1756 303
-742 -3886
-1058 -6138
5372 -1266
4821 4135
-3516 6129
-3086 6145
3664 22
3253 -8904
700 -7106
2650 172
2718 -3123
10 -7800
-1183 -630
-2388 3852
-1899 -1976
1999 338
1508 11413
-3555 10170
-2752 -1326
1596 -5467
1333 -3921
839 -4425
1026 -3240
-4796 708
-9527 3242
-3454 4523
4396 4528
4327 2372
129 854
-4221 -131
-5924 -2684
-1798 -2878
1914 701
30 1967
329 -451
4398 -3096
3321 -4860
-86 -1953
1636 6183
2521 7809
-1321 -689
-3260 -4482
-2353 692
-1479 1140
710 -5315
1625 -6504
-208 294
1190 6154
2647 4618
-3001 -856
-4273 -1020
6421 3987
10561 3835
285 -1246
-5974 -2381
-2788 -2047
-932 -3547
1162 74
4909 5417
1320 1701
-3852 -3761
1596 -1746
6817 -648
-113 -2439
-6414 685
-1990 1854
2786 -4536
791 -6081
-2391 -1129
-3035 -924
-2789 -392
-2022 6420
1542 7260
6650 501
5029 -672
-4263 1036
-6525 -2880
2233 -5530
4157 -2765
-4076 -107
-4135 2034
2581 2630
-1705 -674
-10392 187
-7290 6676
-410 5290
-309 -1723
578 1077
5559 7273
7634 3006
6439 -4262
3782 -5565
-1111 -5212
-1761 -5042
4601 -4053
6398 -2535
1394 2865
1983 7003
4388 -1050
-4323 -9099
-12327 487
-5080 11656
1510 5737
-4403 -1987
-4180 771
7332 1814
7359 -1249
-4528 645
-4423 2749
5309 -813
4505 -4088
-1391 -4847
1916 -5535
6203 -4309
2207 -1548
-1969 175
-1995 1793
-3581 1775
-5030 -1719
-365 -3716
5767 -2248
3747 -942
-5744 1829
-10645 6097
-3278 4393
6129 -1935
3568 -3103
-4615 582
-3831 3192
1120 4047
-779 2609
-2381 198
3427 1719
5663 3863
-1001 746
-4491 -1851
-631 194
1001 1048
-1728 1325
-2717 4138
-784 2674
2079 -3023
4370 -3441
3343 -2094
-978 -5038
-4520 -3717
-3885 1611
2741 -1493
11339 -6653
10284 -1529
-1823 3265
-9056 -308
-3990 -610
1983 3589
1804 3156
15 3135
-178 5868
2516 76
7691 -9685
8487 -6784
2001 2677
-4426 1583
-6999 -6361
-8317 -6170
-7626 4423
-4420 12924
-1340 8118
1938 -2049
4509 -2388
2873 630
705 -5364
2180 -8669
1702 -509
-2742 2897
-5394 -2122
-7450 391
-10625 6350
-7642 3547
-361 2706
-341 8121
-3903 3830
-542 -6226
3921 -3500
2700 4359
2582 2637
5541 -771
5026 -605
2360 -4743
2358 -8791
3358 -4063
4291 1789
5580 2651
3981 3981
108 3889
-259 -1956
2262 -4550
3254 349
3566 1674
2976 -2715
-1900 -3268
-7146 -1790
-6036 -4071
-1619 -3795
812 109
3369 -1471
6377 -3656
4546 3224
-1500 7473
-4805 -354
-3714 -4570
-1977 2542
-1290 6830
-1814 5434
-3796 6366
-4837 4743
-2185 -567
1884 1181
3405 4313
2693 -3628
892 -10847
-3393 -5722
-8049 -1160
-7308 -3206
-2614 -708
-1008 5068
-1237 4863
2016 2062
4468 172
1762 -3293
750 -4246
3525 -542
1098 541
-4373 -1754
-707 -1581
6643 16
3307 1212
-3585 3028
-87 2082
6168 -1111
4335 568
1389 4161
2017 1543
-632 -3168
-4115 -4602
-99 -5416
5300 -4236
4030 94
2010 785
2327 -709
-1100 4046
-5497 9328
-4153 6447
-2311 1800
-3687 816
-1669 -64
2754 -493
2464 -387
1046 -2680
1316 -2308
-2319 2115
-4386 -380
2961 -7323
4996 -4233
-7805 1599
-13007 -3923
338 -9073
7772 -2083
-544 4872
-4194 3344
2139 115
5642 -1388
6266 -512
6818 3161
2029 3085
-2413 -609
1554 2316
4162 7142
-355 1794
-2195 -3991
-1818 1012
-5260 4790
-3725 1009
3541 1859
1053 6185
-6982 1376
-3650 -5959
2325 -3024
-2284 2204
-5833 -1987
-1927 -8719
-2118 -7140
-4459 -731
495 997
4308 -2379
-57 -3606
-3381 569
-1681 5372
986 4967
4251 63
4371 -2495
-157 636
1452 3201
7837 388
2367 -1348
-6592 2607
2205 5094
13499 2061
4775 -254
-5422 933
458 1692
3866 -33
-2247 -3554
-707 -5401
4278 -1819
-1389 1496
-5118 -2627
2045 -6294
2986 -1681
-5843 1961
-6917 -1186
101 -2885
1901 -1320
-892 -1033
-1970 917
-1572 4717
441 4998
2652 4038
185 2602
-4832 -4852
-5616 -9659
-1460 -307
4135 8638
5850 2177
-88 -5385
-5173 -1244
417 4916
5879 6169
-1383 4565
-8541 -520
-2130 -4452
5455 -1142
1390 2258
-5823 623
-5589 1285
-611 3583
1362 123
-2017 -3533
-3631 -1086
3595 770
11506 -1769
7280 -4076
-4366 -3681
-10061 461
-7446 6611
-959 7018
4468 946
3152 -3518
-942 -5094
2702 -4967
8440 251
3584 4341
-2660 -1910
3735 -8608
11313 -4396
5897 1434
-2399 1074
-1824 1721
1821 5021
2157 4225
724 -1071
-1451 -6157
-2401 -6341
106 -328
812 4054
-4032 825
-6443 -3210
-1717 -3574
1321 -3091
-2600 1033
-5907 6935
-2973 3650
1644 -2649
2072 1948
-1147 5586
-2456 -2933
879 -5604
3297 3424
-338 3860
-4439 -3443
-2417 -924
977 5331
-141 5412
-1766 7744
-161 11309
569 6089
-1862 80
-3625 1733
-2444 1640
-205 -3661
366 -5493
-1481 -3044
-1627 -1467
3953 -2517
8649 -6157
3329 -8346
-4595 -6526
-1104 -6862
7966 -8898
5926 -3976
-4325 1194
-6105 -3178
711 -4690
2310 3277
-1524 4517
478 -866
5980 4182
4079 11215
178 3957
5252 -4622
9238 -1443
-587 2861
-10511 2660
-5272 2867
2925 489
1857 -3748
692 -1540
2504 2925
-1970 2602
-6869 4094
-1659 8191
3188 5701
-795 519
-1114 336
5183 -1374
3600 -6168
-4371 -4407
-4255 946
581 50
-517 -2832
-2850 -2394
-944 -3547
-234 -5543
-2195 -2204
-2702 2780
-3115 2868
-4376 409
-2738 -884
-349 -2211
-1826 -4024
-2197 -2894
2509 2664
4171 5912
-692 216
-1824 -6248
4161 -2108
6763 4838
2425 2552
-969 -1603
-905 753
-773 2002
-207 -52
573 2633
-967 5713
-1912 831
463 -3080
1170 1792
-928 4738
-98 -736
1713 -4467
-173 -32
615 7092
7194 9796
9334 3140
4173 -9614
622 -13293
-386 -2050
-2132 7780
-437 5326
3160 498
606 -1572
-2987 -6502
1140 -8746
4833 -1788
-300 2493
-6163 -2814
-5800 -5245
-3296 -1391
-2003 -957
-2808 -837
-6036 5348
-6276 8283
-452 3100
2798 -510
-2292 125
-7218 515
-4000 2325
3170 3354
6619 -2571
4808 -8064
1834 -3647
1345 2206
2304 109
2097 -3382
-162 -1370
-4367 3176
-6421 5864
-522 4056
7378 -1707
5107 -4575
-2098 -402
-115 5314
5298 7318
1206 5806
-4479 1039
-567 -3749
3713 -1106
-331 7332
-3150 9391
1208 1811
3301 -5082
-1244 -5266
-4263 -3286
-2354 -2839
-942 -3336
-1255 -5102
-454 -7356
-356 -5927
-1555 -273
1052 3928
5957 3866
5297 3196
1635 3697
1898 2358
1234 -975
-3008 -2368
-1307 -1960
5540 -4035
5100 -7493
-651 -6163
-2305 -97
-2727 3443
-3259 1736
334 -212
413 374
-7616 373
-9815 -1267
-2873 -637
-430 2919
-682 3626
4507 -785
5532 -3414
36 659
402 5164
1383 3303
-5654 -967
-5114 -1831
6603 -1474
7006 -1878
-2504 605
-137 4767
6100 3309
-19 -2800
-3781 -4394
5110 0
8285 3420
-1237 3246
-6836 2067
-2927 1137
-549 1367
-3459 3788
-4067 5987
926 4705
3732 876
-891 -2122
-4925 -2098
-3106 333
-2456 1679
-2663 213
3372 -1239
7133 -1840
629 -4239
-2523 -5641
3070 -1235
2116 2703
-4406 -2405
-779 -8680
7424 -3546
6929 5658
3108 2468
2150 -9436
550 -12418
-1174 -4659
-2331 1043
-5223 1743
-5876 2725
-4012 1737
-6043 -2012
-5135 -390
5644 4640
9645 1396
-1394 -4741
-6221 60
2844 8484
7295 7647
3397 4065
2511 3926
3120 722
725 -3304
-1151 -361
-2379 2517
-2589 -1422
1415 -3572
2932 636
-3326 4386
-6730 4061
-2707 1
-1449 -4764
-3625 -1777
-1563 6566
2213 4546
3478 -5735
3639 -5640
1390 2081
-2023 784
-1175 -4966
583 -3091
-1383 560
-1595 -916
579 -1617
-946 1657
-2594 4346
-1050 4217
-2172 3044
-2940 3245
2336 4559
3213 3146
-3230 -920
-693 -3256
9754 -5281
9333 -8516
699 -6000
-2102 1865
-2229 2889
-3576 -2894
-1366 -4156
1052 -2100
873 -2265
3688 611
4211 5626
-3869 2351
-6379 -5101
2386 -3712
4190 2577
-2286 2102
-171 -2505
3934 -2330
-1943 2023
-2767 4363
6444 3842
4143 4779
-7737 6509
-4959 2302
5752 -6248
2749 -8278
-4792 -2812
-2626 628
-971 232
-4153 109
-446 -763
6925 -2324
4798 -1023
-2705 1604
-5047 2605
-2854 2823
447 1161
2550 -2260
472 -1783
-1917 2098
-99 2363
-300 525
-4523 1038
-3386 758
1617 643
753 5114
-65 5946
5539 -3461
6077 -9777
-1608 -3897
-5001 1853
-4662 -52
-5781 -470
1220 4080
12160 6224
6252 3668
-7289 599
-2682 -1151
8975 -2491
5031 -3442
-4009 -2562
-5435 607
-7270 3794
-8328 4712
-1205 2532
4907 -2824
5754 -7146
10271 -4680
12337 134
2305 -1882
-6295 -6991
-3326 -6277
-979 -2817
-3950 -1095
-3346 3500
-184 9798
361 7982
1142 -848
2088 -4393
-210 44
-3291 1766
-4525 -4895
-2950 -9861
3352 -3589
7445 3619
-27 -1749
-9133 -9337
-5471 -3389
1983 7035
27 7613
-4097 3857
-2666 2330
-1535 -595
-1118 -1738
4149 3164
7362 5298
773 1419
-4412 2143
2892 7514
11115 6933
6619 3041
-1838 4346
-503 6262
5697 2591
4039 -1302
-5986 -152
-13225 1303
-8017 -2750
4612 -8421
7972 -7589
-379 -2401
-3511 -1841
1750 -4661
1001 -4320
-2529 -3598
3175 -3938
5489 574
-5184 5215
-8185 1328
2782 -1752
3649 2488
-6815 31
-6351 -9658
661 -7156
-1675 3738
-3854 2685
2275 -4460
4246 -3401
-920 -1877
-2906 -4399
-1109 -1223
1181 3828
5630 1516
8971 478
6238 5863
-255 6852
-5304 3319
-3333 5125
5348 7494
7058 2522
-3365 -2461
-7313 -765
2719 2159
7297 822
-132 -3557
-4212 -5236
-2602 403
-4019 6644
-4820 3232
-403 -3026
3317 413
3037 5962
1539 501
1168 -8273
2748 -6580
2945 1878
-309 5138
-155 1050
4205 -3309
2164 -3096
-3722 -1909
-1476 -3398
2330 -3032
-1624 505
-4017 -681
-2094 -5246
-5390 -2350
-8564 2908
-4570 -1778
-3796 -6196
-6612 3020
-1394 11835
3556 6398
-1411 47
-2397 2514
4219 1839
3725 -5294
810 -6507
6152 -1582
6980 -991
-1369 -2870
-2704 316
1712 4562
575 3436
2921 1198
11189 3706
7973 7000
-3975 4662
-5207 -705
573 -2641
999 -1919
115 -2309
-746 -1953
-5279 337
-4276 -72
5381 -3249
8489 -2682
1935 1009
-1773 793
-2190 -2089
-3123 -1559
1442 216
7370 -831
2818 -698
-4320 2650
-2039 1932
97 -5280
-4812 -9144
-5525 -4264
-728 1419
-1064 2638
-3488 4234
-1384 6240
-913 1942
-2714 -5090
377 -3957
2238 3532
-3798 6150
-6727 1694
-1713 -3459
-93 -4525
-1950 -380
1508 5305
4288 6503
